1.295
1.3
1.006
0.429
1.788
0.583
0.587
0.349
0.923
0.258
0.345
0.309
0.273
0.733
0.269
0.28
0.857
0.269
0.433
0.737
0.378
0.378
0.457
0.473
1.18
0.705
0.241
0.669
0.462
0.327
0.718
0.108
0.44
0.284
0.858
0.444
0.575
0.439
0.402
0.402
0.371
0.452
0.824
0.233
0.275
0.418
0.208
0.208
0.341
0.365
0.091
0.198
0.198
0.144
0.357
0.468
0.254
0.303
0.3
0.088
0.269
0.197
0.184
0.235
0.254
0.573
0.161
0.16
0.171
0.077
0.282
0.103
0.219
0.216
0.136
0.142
0.234
0.159
0.185
0.185
0.198
0.275
0.447
0.138
0.375
0.251
0.06
0.072
0.189
0.155
0.188
0.261
0.253
0.141
0.141
0.052
0.161
0.201
0.196
0.041
0.3
0.123
0.179
0.043
0.065
0.075
0.077
0.111
0.143
0.179
0.104
0.148
0.073
0.138
0.04
0.023
0.172
0.03
0.195
0.233
0.14
0.181
0.16
0.204
0.213
0.076
0.076
0.395
0.06
0.056
0.116
0.039
0.004
0.129
0.167
0.071
0.068
0.003
0.003
0.136
0.145
0.016
0.219
0.219
0.117
0.259
0.282
0.086
0.003
0.115
0.29
0.014
0.149
0.17
0.004
0.066
0.05
0.039
0.081
0.081
0.113
0.056
0.038
0.093
0.117
0.047
0.046
0.153
0.054
0.212
0.006
0.029
0.041
0.202
0.022
0.239
0.22
0.037
0.225
0.061
0.071
0.136
0.06
0.038
0.013
0.061
0.023
0.036
0.119
0.165
0.098
0.097
0.052
0.052
0.036
0.017
0.186
0.065
0.045
0.028
0.056
0.033
0.008
0.037
0.071
0.023
0.029
0.018
0.014
0.022
0.012
0.018
0.101
0.019
0.017
0.018
0.017
0.088
0.105
0.027
0.062
0.039
0.02
0.023
0.025
0.003
0
0.031
0.099
0.005
0.032
0.013
0.003
--
0.007
0.006
0.003
0.004
0.001
--
0.101
0.042
