83110
15040
15046
15052
15197
15239
15237
15209
15094
15113
15223
15118
15076
15236
15188
15051
15078
15130
15050
15208
15005
15189
15001
15089
15041
15088
15117
15116
15082
15238
15181
15111
15087
15260
15210
15047
15074
15012
15080
15180
15264
15253
15043
15265
15084
15182
15092
15091
15247
15081
15110
15126
15186
15004
15207
15224
15086
15217
15100
15090
15095
15069
15241
15165
15211
15196
15219
15114
15240
15205
15164
15274
15096
15002
15204
15115
15099
15071
15212
15201
15079
15042
15038
15176
15152
15195
15065
15112
15187
15083
15003
15134
15075
15216
15103
15067
15107
15039
15024
15102
15169
15048
15214
15101
15131
15013
15220
15010
15233
15170
15011
15200
15064
15072
15184
15031
15168
15032
15246
15244
15093
15014
15245
15133
15029
15070
15034
15137
15123
15124
15049
15119
43497
15230
15056
15085
15037
15016
15017
15142
15139
15251
15231
15171
15159
15009
15227
15132
15018
15151
15228
15252
15167
15148
15262
15229
15068
15019
15006
15190
15199
15036
15192
15150
15097
15060
15061
15147
15015
15105
15261
15235
15175
15008
15194
15226
15144
15058
15154
15250
15098
15141
15160
15066
15221
90240
15183
15063
15140
15104
15021
15020
15179
15077
15033
15023
15143
15166
15109
15062
15158
15163
15121
15157
15025
15267
15027
15269
15234
15035
15128
15057
15146
15268
15266
15108
15218
15145
15243
15173
15055
15028
93600
15106
15270
15127
15138
15026
15242
15232
15030
15172
15073
15271
15178
80200
15177
15149
15162
15045
90560
15155
