3.667
2.88
2.575
1.819
3.06
1.829
1.825
1.564
2.046
1.357
1.37
1.279
1.221
1.671
1.199
1.14
1.659
1.069
1.225
1.519
1.157
1.156
1.231
1.242
1.944
1.463
0.998
1.413
1.168
1.025
1.403
0.764
1.077
0.916
1.476
1.059
1.185
1.047
0.999
0.999
0.965
1.043
1.41
0.812
0.844
0.982
0.77
0.768
0.9
0.923
0.641
0.733
0.733
0.641
0.852
0.95
0.73
0.763
0.756
0.539
0.717
0.641
0.621
0.665
0.683
1.001
0.581
0.577
0.579
0.46
0.662
0.478
0.585
0.582
0.493
0.499
0.589
0.514
0.524
0.524
0.533
0.609
0.781
0.461
0.698
0.564
0.357
0.365
0.473
0.438
0.47
0.53
0.521
0.404
0.403
0.306
0.407
0.445
0.44
0.273
0.53
0.349
0.404
0.264
0.277
0.278
0.278
0.31
0.339
0.373
0.297
0.341
0.264
0.329
0.23
0.21
0.357
0.211
0.374
0.411
0.316
0.355
0.333
0.373
0.381
0.243
0.24
0.553
0.217
0.207
0.266
0.186
0.149
0.267
0.305
0.205
0.2
0.134
0.133
0.266
0.273
0.141
0.344
0.344
0.241
0.383
0.405
0.207
0.123
0.235
0.408
0.131
0.263
0.283
0.117
0.178
0.161
0.15
0.192
0.192
0.224
0.165
0.144
0.198
0.222
0.151
0.149
0.255
0.156
0.313
0.106
0.128
0.138
0.299
0.118
0.335
0.316
0.13
0.317
0.152
0.162
0.226
0.15
0.127
0.102
0.149
0.109
0.117
0.198
0.244
0.175
0.174
0.128
0.128
0.112
0.092
0.261
0.134
0.113
0.091
0.116
0.089
0.064
0.091
0.125
0.074
0.079
0.068
0.062
0.07
0.059
0.061
0.141
0.057
0.053
0.053
0.051
0.12
0.137
0.059
0.093
0.07
0.048
0.05
0.051
0.028
0.024
0.054
0.122
0.026
0.051
0.031
0.016
0.013
0.017
0.015
0.008
0.008
0.003
0
0.101
0.042
