20.08
16.57
15.56
9.23
25.62
11.77
10.5
6.91
11.7
7.04
6.38
5.34
5.39
11.41
3.71
5.36
8.87
4.98
6.71
16.68
6.36
6.36
4.11
9.3
25.2
17.06
4.17
8.32
6.38
6.52
5.14
6.74
6.28
4.27
11.37
15.67
13.01
2.86
4.67
4.67
4.99
6.09
11.8
3.58
4.22
6.21
2.59
2.58
3.65
5.04
5.65
2.52
2.52
1.98
2.33
3.64
4.73
3.68
2.63
2.32
3.83
10.68
5.24
3.81
4.11
15.08
5.25
5.22
4.88
1.07
3.36
4.07
11.75
2.75
1.93
2.94
2.06
2.41
4.49
2.87
3.2
3.51
11.76
6.36
1.74
5.37
0.83
1.96
2.93
3.74
2.92
2.03
5.71
3.14
3.14
0.71
1.97
2.56
4.19
1.46
2.91
1.79
3.94
1.14
1.26
1.51
1.1
2.4
4.08
2.1
11.6
2.18
1.04
0.9
0.7
0.87
10.69
1.1
1.8
2.25
3.07
3.37
1.32
1.22
3.01
1.14
0.82
2.06
0.86
6.87
1.7
11.99
0.81
1.77
4.52
1.33
1.37
0.73
0.73
4.51
0.92
3.32
1.15
1.15
1.66
6.09
1.28
1.21
0.67
1.45
1.65
2.96
1.44
1.25
2.31
1.19
2.68
0.48
0.94
0.94
1.16
1.13
0.45
10.44
2.05
0.55
0.54
1.12
0.57
4.4
1.97
10.28
0.39
4.76
0.77
1.05
1
0.94
1.28
1.52
1.39
1
1.35
0.32
0.5
0.71
6.98
0.75
0.87
3.43
11.02
2.5
1.22
1.22
0.38
0.59
0.82
0.88
0.26
0.59
9.48
0.59
0.27
0.82
9.91
0.22
9.25
0.21
5.05
0.27
7.87
0.44
1.02
0.17
0.16
0.34
0.33
0.81
1.1
3.39
1.07
0.55
0.42
1.25
0.43
0.14
0.39
4.24
0.82
0.77
0.73
0.15
0.59
0.24
0.68
0.14
0.34
0.06
0.02
0.9
1.19
0.65
