2.372
1.58
1.569
1.39
1.272
1.246
1.238
1.215
1.123
1.099
1.025
0.97
0.948
0.938
0.93
0.86
0.802
0.8
0.792
0.782
0.779
0.778
0.774
0.769
0.764
0.758
0.757
0.744
0.706
0.698
0.685
0.656
0.637
0.632
0.618
0.615
0.61
0.608
0.597
0.597
0.594
0.591
0.586
0.579
0.569
0.564
0.562
0.56
0.559
0.558
0.55
0.535
0.535
0.497
0.495
0.482
0.476
0.46
0.456
0.451
0.448
0.444
0.437
0.43
0.429
0.428
0.42
0.417
0.408
0.383
0.38
0.375
0.366
0.366
0.357
0.357
0.355
0.355
0.339
0.339
0.335
0.334
0.334
0.323
0.323
0.313
0.297
0.293
0.284
0.283
0.282
0.269
0.268
0.263
0.262
0.254
0.246
0.244
0.244
0.232
0.23
0.226
0.225
0.221
0.212
0.203
0.201
0.199
0.196
0.194
0.193
0.193
0.191
0.191
0.19
0.187
0.185
0.181
0.179
0.178
0.176
0.174
0.173
0.169
0.168
0.167
0.164
0.158
0.157
0.151
0.15
0.147
0.145
0.138
0.138
0.134
0.132
0.131
0.13
0.13
0.128
0.125
0.125
0.125
0.124
0.124
0.123
0.121
0.12
0.12
0.118
0.117
0.114
0.113
0.113
0.112
0.111
0.111
0.111
0.111
0.111
0.109
0.106
0.105
0.105
0.104
0.103
0.102
0.102
0.101
0.1
0.099
0.097
0.097
0.096
0.096
0.096
0.093
0.092
0.091
0.091
0.09
0.09
0.089
0.089
0.088
0.086
0.081
0.079
0.079
0.077
0.077
0.076
0.076
0.076
0.075
0.075
0.069
0.068
0.063
0.06
0.056
0.056
0.054
0.054
0.051
0.05
0.05
0.048
0.048
0.047
0.043
0.04
0.038
0.036
0.035
0.034
0.032
0.032
0.032
0.031
0.031
0.028
0.027
0.026
0.025
0.024
0.023
0.023
0.021
0.019
0.018
0.013
0.013
0.01
0.009
0.005
0.004
0.002
0
0
0
