80
143
112
146
144
143
85
85
85
150
85
85
85
85
124
85
85
85
85
85
150
117
85
89
140
149
85
143
85
85
85
85
85
85
85
88
85
16
85
85
85
85
85
85
85
85
101
129
85
85
85
85
85
85
28.35
119
85
124
85
85
85
88
71
85
85
85
62
79
79
85
150
149
85
28.35
124
85
85
149
85
28.35
85
28.35
85
85
128
85
85
85
62
85
79
85
28.35
50
64
60
85
28.35
85
85
85
28.35
85
85
136
79
85
85
143
85
87
85
85
14
85
85
85
85
85
85
85
28.35
85
72
127
85
150
134
85
85
85
146
58
85
93
28.35
85
85
85
60
85
28.35
25
50
85
85
85
92
28.35
85
85
28.35
84
145
87
85
28.35
116
116
90
85
85
90
85
85
60
46
150
85
85
116
143
28.35
85
85
85
85
50
85
127
85
135
85
77
85
85
85
85
118
85
87
79
28.35
28.35
85
85
85
85
28.35
85
85
85
28.35
85
85
85
57
85
85
28.35
85
28.35
85
85
85
48
37
85
85
31
28.35
28.35
85
28.35
85
28.35
85
28.35
85
85
42
30
85
85
85
45
85
6
85
85
85
85
