NDB No	Nutr_No	Nutr_Val	Num_Data_Pts	CC
1069	421	2.3	3	B
1077	421	14	1	B
1079	421	16	2	B
1082	421	18	1	B
1085	421	16	1	B
1103	421	17	1	B
1117	421	15	2	B
1121	421	14	2	B
1123	421	250	15	A
1124	421	1.1	4	A
1125	421	680	4	A
1128	421	270	4	A
1129	421	230	4	A
1199	421	15	1	B
2003	421	55	1	B
2009	421	67	1	B
2010	421	11	1	B
2011	421	37	1	B
2015	421	64	1	B
2020	421	68	1	B
2021	421	41	1	B
2024	421	120	1	B
2026	421	39	1	B
2027	421	32	1	B
2028	421	52	1	B
2029	421	97	1	B
2030	421	11	2	B
2033	421	8.8	1	B
2043	421	49	1	B
2044	421	11	1	B
2046	421	22	1	B
3003	421	38	11	A
3006	421	50	1	B
3011	421	55	7	A
3013	421	43	11	A
3016	421	40	3	A
3054	421	17	3	A
3091	421	23	2	B
3104	421	7.6	2	B
3121	421	32	1	B
3130	421	8.5	2	B
3189	421	32	1	B
3298	421	31	14	A
4025	421	22	2	B
4027	421	15	1	B
4044	421	0.2	1	B
4053	421	0.3	1	B
4114	421	2.6	1	B
4582	421	0.2	1	B
4585	421	6.5	1	B
4613	421	10	1	C
4629	421	14	1	C
4636	421	4	1	B
4638	421	3.9	1	B
5006	421	60	1	B
5009	421	66	1	B
5011	421	66	1	B
5013	421	79	1	B
5027	421	190	4	A
5028	421	290	4	A
5173	421	90	1	B
5174	421	82	1	B
5175	421	130	1	B
5176	421	170	1	B
5177	421	220	1	B
5178	421	220	1	B
5312	421	70	1	B
5313	421	74	2	B
5320	421	77	1	B
5661	421	330	4	A
6019	421	11	2	B
6030	421	6.9	1	B
6159	421	13	1	B
6164	421	12	1	B
6931	421	14	2	B
7007	421	46	2	B
7022	421	34	2	B
7024	421	51	4	B
7063	421	53	4	A
7064	421	67	5	B
7075	421	51	1	B
7945	421	39	2	B
7949	421	43	2	B
7950	421	44	3	A
7952	421	53	2	B
7953	421	52	3	A
7954	421	43	1	B
7955	421	51	1	B
7956	421	51	1	B
7957	421	39	1	B
7958	421	63	1	B
7959	421	59	3	A
7960	421	68	1	B
8001	421	49	1	B
8012	421	15	1	B
8013	421	26	1	B
8014	421	8.7	1	B
8020	421	3.9	1	B
8030	421	11	1	B
8061	421	29	1	B
8065	421	6	2	B
8067	421	31	2	B
8074	421	15	1	C
8077	421	19	1	B
8084	421	180	2	B
8089	421	33	1	C
8092	421	14	1	B
8093	421	2.6	1	B
8105	421	3.5	1	B
8121	421	7.4	1	B
8147	421	23	1	B
8202	421	25	1	C
8218	421	32	1	B
8231	421	59	1	B
8259	421	3.8	1	C
8333	421	13	1	C
8363	421	81	2	B
8383	421	22	1	C
8389	421	30	1	C
8435	421	50	1	B
8504	421	31	2	C
8505	421	11	1	C
8506	421	2.2	1	C
9003	421	3.4	1	B
9032	421	14	1	B
9038	421	14	2	B
9040	421	9.8	1	B
9042	421	8.6	1	B
9050	421	6	1	B
9078	421	5.5	1	B
9087	421	6.3	2	B
9094	421	16	2	B
9112	421	7.5	2	B
9132	421	5.6	2	B
9135	421	3.2	1	B
9148	421	7.8	2	B
9160	421	5.1	1	B
9181	421	7.6	1	B
9191	421	6.2	1	B
9202	421	8.4	2	B
9209	421	6.6	2	B
9214	421	20	1	B
9218	421	10	1	B
9236	421	6.1	1	B
9252	421	5.1	3	B
9257	421	1.9	1	B
9291	421	10	2	B
9298	421	11	2	B
9302	421	12	1	B
9316	421	5.7	1	B
9326	421	4.1	1	B
9370	421	3.8	1	B
9421	421	9.9	1	B
9429	421	5.7	1	B
9430	421	5.4	1	B
9433	421	14	1	B
9434	421	2.2	1	B
9435	421	1.1	1	B
9436	421	1.5	1	B
9437	421	1.3	1	B
10006	421	25	4	A
10007	421	33	4	A
10060	421	81	4	A
10061	421	89	4	A
10066	421	60	4	A
10068	421	78	4	A
10084	421	79	4	A
10085	421	110	4	A
10123	421	47	4	A
10219	421	69	4	A
10220	421	87	4	A
10860	421	120	4	A
10861	421	120	4	A
10862	421	130	4	A
10864	421	6.5	1	B
10865	421	84	1	B
10867	421	91	2	B
10868	421	90	4	A
10869	421	92	2	B
10870	421	65	2	B
10871	421	63	2	B
10872	421	65	2	B
10873	421	110	2	B
10874	421	100	2	B
10875	421	140	1	B
10876	421	86	1	B
10877	421	94	2	B
10878	421	79	4	B
10879	421	74	4	B
10880	421	72	4	B
10881	421	100	2	B
10882	421	82	4	A
10883	421	80	3	B
10884	421	75	4	A
10894	421	37	1	B
10895	421	31	1	B
10898	421	58	1	B
10899	421	110	3	B
10931	421	110	3	B
10932	421	92	3	B
10933	421	110	3	B
10934	421	91	3	B
10938	421	93	3	B
11001	421	14	1	B
11008	421	34	1	B
11011	421	16	1	B
11012	421	26	1	B
11061	421	14	1	B
11080	421	6	1	B
11084	421	7.5	2	B
11090	421	19	2	B
11091	421	40	1	B
11096	421	18	2	B
11097	421	34	5	A
11099	421	41	1	B
11109	421	11	1	B
11110	421	20	1	B
11112	421	17	1	B
11113	421	21	1	B
11124	421	8.8	1	B
11125	421	8.8	1	B
11136	421	39	1	B
11143	421	6.1	2	B
11179	421	22	1	B
11205	421	6	1	B
11206	421	5.7	1	B
11211	421	56	1	B
11212	421	56	1	B
11234	421	0.4	1	B
11250	421	8.5	2	B
11251	421	9.9	3	B
11252	421	6.7	2	B
11257	421	12	1	B
11260	421	17	1	B
11282	421	6.1	1	B
11286	421	6.5	1	B
11294	421	5.5	2	B
11313	421	28	1	B
11333	421	5.6	1	B
11339	421	4.8	1	B
11353	421	13	1	B
11354	421	11	2	B
11355	421	16	3	B
11356	421	15	3	A
11357	421	14	2	B
11358	421	19	2	B
11402	421	22	2	B
11403	421	24	3	B
11429	421	6.5	2	B
11439	421	10	2	B
11463	421	22	3	A
11464	421	25	2	B
11478	421	9.4	1	B
11508	421	13	2	B
11529	421	6.7	2	B
11546	421	39	1	B
11549	421	9.9	1	B
11644	421	11	1	B
11657	421	14	1	B
11821	421	5.6	1	B
11921	421	6.1	1	B
11935	421	13	2	B
11937	421	3.4	1	B
11940	421	3.1	1	B
11960	421	7.5	1	B
12036	421	55	2	B
12061	421	52	5	A
12078	421	29	2	B
12109	421	19	1	B
12118	421	8.5	1	C
12120	421	46	5	A
12142	421	41	5	A
12147	421	56	5	A
12154	421	32	1	B
12155	421	39	5	A
12201	421	26	1	B
12220	421	79	1	B
12516	421	63	1	C
12586	421	61	5	A
12632	421	45	5	A
12652	421	71	8	A
12663	421	39	1	C
13325	421	330	4	A
13326	421	430	4	A
13327	421	420	4	A
13497	421	78	1	A
13498	421	47	1	A
14003	421	9.9	2	B
14006	421	7.9	2	B
14096	421	5.7	1	B
14106	421	4.7	2	B
14150	421	0.6	1	B
14209	421	2.6	3	A
14218	421	100	1	B
14242	421	1.1	1	B
14287	421	0.1	1	B
14292	421	2	1	B
14347	421	22	2	B
14400	421	0.4	4	B
14416	421	0	2	B
14542	421	1.9	1	B
15016	421	84	1	B
15027	421	36	5	B
15073	421	35	2	B
15086	421	66	1	B
15087	421	83	3	B
15121	421	29	1	B
15138	421	13	1	B
15141	421	34	1	B
15152	421	81	2	B
15232	421	49	2	B
15236	421	79	1	B
15237	421	91	1	B
15260	421	88	4	B
15261	421	43	3	B
15262	421	83	1	B
16006	421	32	1	B
16010	421	25	1	B
16011	421	39	2	B
16034	421	33	2	B
16037	421	87	1	B
16038	421	45	1	B
16039	421	27	2	B
16042	421	66	1	B
16043	421	35	4	A
16087	421	53	4	A
16097	421	61	3	A
16098	421	66	2	B
16108	421	120	2	C
16117	421	190	2	B
16120	421	24	1	B
16123	421	18	1	B
16126	421	28	1	B
16127	421	27	1	B
16147	421	19	2	B
16399	421	95	1	C
17202	421	310	2	B
17203	421	400	2	B
17204	421	410	2	B
18001	421	15	2	B
18002	421	16	2	B
18009	421	8.9	1	B
18012	421	19	1	B
18013	421	20	1	B
18029	421	15	1	B
18030	421	18	1	B
18064	421	19	1	B
18065	421	22	1	B
18069	421	15	2	B
18075	421	27	2	B
18101	421	130	1	B
18141	421	36	1	B
18159	421	17	1	B
18173	421	22	5	B
18215	421	25	1	B
18228	421	20	1	B
18229	421	14	1	B
18232	421	27	6	B
18246	421	22	4	B
18248	421	37	1	B
18249	421	29	1	B
18258	421	14	1	B
18259	421	16	1	B
18262	421	13	1	B
18263	421	15	1	B
18273	421	43	1	B
18274	421	52	1	B
18288	421	31	1	B
18290	421	19	1	B
18301	421	7.2	1	B
18360	421	30	1	B
18363	421	13	1	B
18364	421	7.9	1	B
18375	421	32	1	C
18452	421	21	1	B
18488	421	8.4	1	B
18489	421	7.8	1	B
18927	421	28	1	B
18936	421	28	2	B
18939	421	9.2	1	B
19003	421	12	1	B
19008	421	12	2	B
19015	421	22	1	B
19034	421	21	1	B
19035	421	15	2	B
19047	421	30	2	B
19056	421	19	1	B
19057	421	23	1	B
19058	421	18	1	B
19076	421	19	1	B
19078	421	46	1	B
19095	421	26	1	B
19120	421	46	1	B
19141	421	22	2	B
19183	421	9.5	2	B
19226	421	6.9	1	B
19230	421	2.3	1	B
19270	421	23	1	B
19296	421	2.2	1	B
19297	421	10	3	B
19304	421	13	1	B
19334	421	2.5	2	B
19404	421	17	1	B
19411	421	12	1	B
19444	421	20	1	B
20001	421	70	1	C
20009	421	54	1	C
20010	421	20	1	B
20013	421	6.9	1	B
20015	421	18	1	C
20020	421	22	1	C
20022	421	11	2	B
20033	421	32	2	B
20035	421	70	1	B
20037	421	9.2	1	B
20038	421	30	1	C
20045	421	2.1	2	B
20063	421	30	1	C
20080	421	31	2	B
20081	421	10	2	B
20109	421	79	1	B
20110	421	26	1	B
20120	421	15	2	B
20121	421	6.4	2	B
20131	421	38	1	B
20138	421	26	1	C
20142	421	13	1	C
20317	421	4.3	1	B
21005	421	98	1	B
21007	421	130	1	B
21009	421	27	1	B
21011	421	92	1	B
21014	421	84	1	B
21020	421	30	1	B
21022	421	100	1	B
21024	421	14	1	B
21026	421	18	1	B
21060	421	27	1	B
21064	421	28	1	B
21078	421	26	1	B
21080	421	28	1	B
21082	421	32	1	B
21083	421	23	1	B
21089	421	29	1	B
21098	421	29	1	B
21100	421	39	3	A
21102	421	35	3	A
21106	421	33	2	B
21107	421	34	6	A
21114	421	41	2	B
21138	421	21	3	B
21202	421	33	3	A
21226	421	25	1	B
21229	421	41	5	A
21230	421	31	1	B
21299	421	16	8	A
21300	421	17	7	A
21301	421	19	3	B
21302	421	25	7	A
21303	421	25	7	A
21304	421	22	4	B
21388	421	27	1	B
21401	421	44	3	B
21409	421	98	1	B
21410	421	84	1	B
21411	421	82	1	B
22247	421	5.4	1	B
22902	421	22	1	B
22903	421	26	1	B
22904	421	27	1	B
22905	421	16	1	B
22912	421	12	1	B
22916	421	17	1	B
22927	421	28	1	B
22928	421	28	1	B
23030	421	87	1	B
23031	421	100	1	B
23032	421	91	1	B
23033	421	100	1	B
23034	421	75	1	B
23035	421	100	1	B
23036	421	85	1	B
23037	421	85	1	B
23038	421	94	1	B
23039	421	87	1	B
23040	421	100	1	B
23041	421	83	1	B
23042	421	100	1	B
23043	421	100	1	B
23044	421	110	1	B
23045	421	81	1	B
23046	421	100	1	B
23047	421	86	1	B
23048	421	100	1	B
23049	421	84	1	B
23050	421	94	1	B
23051	421	91	1	B
23052	421	92	1	B
23065	421	110	1	B
23557	421	71	1	A
23558	421	85	1	A
23562	421	66	1	A
23563	421	84	1	A
23567	421	61	1	A
23568	421	82	1	A
23572	421	56	1	A
23573	421	81	1	A
23577	421	52	1	A
23578	421	79	1	A
25000	421	13	1	B
25013	421	15	1	B
25014	421	14	1	B
25017	421	18	1	B
25020	421	41	1	B
25021	421	42	1	B
35009	421	130	1	C
35015	421	4.9	1	C
35055	421	120	1	C
35056	421	72	1	C
35149	421	50	4	B
35150	421	94	1	C
35151	421	99	1	C
35152	421	90	1	C
35153	421	96	1	C
35155	421	11	1	C
35157	421	82	1	C
35158	421	250	1	C
35160	421	200	1	C
35161	421	260	1	C
35162	421	88	1	C
35164	421	68	1	B
35165	421	210	1	C
35166	421	110	1	C
35167	421	88	1	C
35168	421	99	1	C
35169	421	110	1	C
35171	421	230	2	C
35179	421	11	2	B
35180	421	260	1	C
35181	421	90	1	C
35182	421	34	1	C
35184	421	300	1	C
35187	421	15	1	C
35188	421	64	3	B
35190	421	220	2	C
35193	421	8.8	1	B
35196	421	20	1	B
42187	421	23	1	B
42289	421	0.2	2	B
43133	421	14	1	B
43261	421	16	1	B
98001	421	12	1	B
98005	421	1.8	1	B
98010	421	22	1	B
98011	421	8	2	B
98013	421	28	2	B
98014	421	8.6	1	B
98015	421	0.4	1	B
98019	421	28	1	B
98020	421	24	1	B
98021	421	86	1	B
98022	421	100	1	B
98024	421	17	1	B
98026	421	7.6	1	B
98028	421	0.5	1	B
98029	421	0.6	1	B
98030	421	16	2	B
98031	421	31	1	B
98032	421	44	1	B
98033	421	38	2	B
98034	421	23	1	B
98035	421	18	1	B
98039	421	14	1	B
98041	421	46	1	B
98042	421	41	3	A
98043	421	39	2	B
98047	421	86	1	B
98050	421	34	1	B
98051	421	36	1	B
98052	421	59	1	B
98055	421	36	1	B
98056	421	35	1	B
98058	421	21	1	B
98059	421	27	1	B
98060	421	26	1	B
98061	421	27	1	B
98062	421	29	1	B
98063	421	28	1	B
98064	421	13	1	B
98069	421	18	1	B
98070	421	14	1	B
98071	421	22	1	B
98080	421	130	1	B
98082	421	130	3	C
98083	421	11	1	C
98084	421	64	2	B
98085	421	62	6	B
98086	421	84	7	B
98087	421	46	7	B
98088	421	65	6	B
98089	421	68	2	B
98092	421	28	1	B
98094	421	34	4	B
98095	421	46	4	B
98096	421	67	13	A
98097	421	65	11	A
98099	421	30	1	B
98100	421	150	2	B
98101	421	110	1	C
98102	421	24	1	B
98103	421	17	1	B
98104	421	4.3	1	B
98105	421	4.8	2	B
98106	421	9.5	1	B
98107	421	5.2	1	B
98108	421	12	1	B
98110	421	60	4	B
98111	421	80	4	B
98112	421	68	4	B
98114	421	2.7	1	B
98116	421	36	2	B
98119	421	18	1	C
98121	421	40	1	C
1001	450	0.6	1	
1009	450	1.6	1	
1012	450	3.6	1	
1014	450	3.7	1	
1015	450	2.9	1	
1017	450	3.6	1	
1029	450	2.3	1	
1040	450	4.5	1	
1046	450	7.9	1	
1049	450	3.9	1	
1056	450	3.9	2	
1069	450	0.5	3	
1077	450	3.7	1	
1079	450	2.8	2	
1082	450	4	1	
1085	450	2.8	1	
1103	450	5.4	1	
1117	450	2.3	2	
1121	450	2.1	2	
1123	450	0.6	15	
1124	450	0.2	4	
1125	450	1.3	4	
1128	450	0.7	4	
1129	450	0.7	4	
1199	450	4	1	
2003	450	50	1	
2009	450	49	1	
2010	450	7	1	
2011	450	29	1	
2015	450	42	1	
2020	450	42	1	
2021	450	33	1	
2024	450	46	1	
2026	450	25	1	
2027	450	28	1	
2028	450	34	1	
2029	450	17	1	
2030	450	9.4	2	
2033	450	7.2	1	
2043	450	21	1	
2044	450	8	1	
2046	450	12	1	
3003	450	1.5	11	
3006	450	1.7	1	
3011	450	2.8	7	
3013	450	3.3	11	
3016	450	1.7	3	
3054	450	3.5	3	
3091	450	2.9	2	
3104	450	4.6	2	
3121	450	5.1	1	
3130	450	0.6	2	
3189	450	5	1	
3298	450	6.7	14	
4025	450	0	2	
4027	450	0.3	1	
4044	450	0	1	
4053	450	0	1	
4114	450	1.5	1	
4582	450	0	1	
4585	450	0.3	1	
4613	450	0.1	1	
4629	450	0.5	1	
4636	450	1.5	1	
4638	450	1.6	1	
5006	450	6	1	
5009	450	5.3	1	
5011	450	5.8	1	
5013	450	5.7	1	
5027	450	49	4	
5028	450	48	4	
5173	450	41	1	
5174	450	9.5	1	
5175	450	25	1	
5176	450	3.9	1	
5177	450	64	1	
5178	450	9.7	1	
5312	450	4.6	1	
5313	450	5.7	2	
5320	450	4	1	
5661	450	69	4	
6019	450	3.3	2	
6030	450	2	1	
6159	450	6.1	1	
6164	450	7.3	1	
6931	450	8.5	2	
7007	450	18	2	
7022	450	3.9	2	
7024	450	6.2	4	
7063	450	8	4	
7064	450	7.1	5	
7075	450	23	1	
7945	450	4.3	2	
7949	450	5.9	2	
7950	450	6.7	3	
7952	450	23	2	
7953	450	5.5	3	
7954	450	3.3	1	
7955	450	2.7	1	
7956	450	0.5	1	
7957	450	6.7	1	
7958	450	2	1	
7959	450	24	3	
7960	450	37	1	
8001	450	26	1	
8012	450	7.1	1	
8013	450	4.4	1	
8014	450	4.2	1	
8020	450	1.4	1	
8030	450	1.8	1	
8061	450	12	1	
8065	450	2	2	
8067	450	12	2	
8074	450	2.9	1	
8077	450	5.8	1	
8084	450	130	2	
8089	450	11	1	
8092	450	4.2	1	
8093	450	1	1	
8105	450	1.6	1	
8121	450	1.3	1	
8147	450	5.5	1	
8202	450	5	1	
8218	450	8.3	1	
8231	450	4.4	1	
8259	450	2	1	
8333	450	6	1	
8363	450	54	2	
8383	450	7.5	1	
8389	450	8.2	1	
8435	450	12	1	
8504	450	11	2	
8505	450	2.6	1	
8506	450	1.6	1	
9003	450	0.3	1	
9032	450	7.1	1	
9038	450	8.6	2	
9040	450	3.2	1	
9042	450	1.8	1	
9050	450	3	1	
9078	450	1.3	1	
9087	450	6.1	2	
9094	450	13	2	
9112	450	3.6	2	
9132	450	4.8	2	
9135	450	3	1	
9148	450	2.6	2	
9160	450	1.1	1	
9181	450	4.1	1	
9191	450	1.7	1	
9202	450	4.7	2	
9209	450	2.2	2	
9214	450	8.1	1	
9218	450	5.2	1	
9236	450	0.8	1	
9252	450	2.2	3	
9257	450	0.6	1	
9291	450	6.7	2	
9298	450	9.4	2	
9302	450	3.1	1	
9316	450	0.6	1	
9326	450	3.1	1	
9370	450	0.4	1	
9421	450	8.9	1	
9429	450	5.1	1	
9430	450	4.2	1	
9433	450	11	1	
9434	450	0.8	1	
9435	450	0.5	1	
9436	450	1	1	
9437	450	0.3	1	
10006	450	1.5	4	
10007	450	1.6	4	
10060	450	1.6	4	
10061	450	1.8	4	
10066	450	1.2	4	
10068	450	1.1	4	
10084	450	5.4	4	
10085	450	5.5	4	
10123	450	4.4	4	
10219	450	3.1	4	
10220	450	3	4	
10860	450	12	4	
10861	450	12	4	
10862	450	12	4	
10864	450	0.2	1	
10865	450	2	1	
10867	450	2.7	2	
10868	450	2	4	
10869	450	2.2	2	
10870	450	2.2	2	
10871	450	2.8	2	
10872	450	1.3	2	
10873	450	1.7	2	
10874	450	2.2	2	
10875	450	2	1	
10876	450	0.6	1	
10877	450	1.8	2	
10878	450	1.6	4	
10879	450	1.2	4	
10880	450	1.5	4	
10881	450	2.2	2	
10882	450	1.5	4	
10883	450	2	3	
10884	450	1.5	4	
10894	450	0.8	1	
10895	450	0.4	1	
10898	450	1.2	1	
10899	450	1.3	3	
10931	450	1.6	3	
10932	450	1.3	3	
10933	450	1.2	3	
10934	450	1.1	3	
10938	450	1.1	3	
11001	450	11	1	
11008	450	4.2	1	
11011	450	12	1	
11012	450	6.6	1	
11061	450	4	1	
11080	450	4.1	1	
11084	450	0.3	2	
11090	450	18	2	
11091	450	8.5	1	
11096	450	12	2	
11097	450	4.3	5	
11099	450	23	1	
11109	450	6.1	1	
11110	450	7.6	1	
11112	450	9.7	1	
11113	450	5	1	
11124	450	6.8	1	
11125	450	0.4	1	
11136	450	25	1	
11143	450	5.3	2	
11179	450	8.9	1	
11205	450	4	1	
11206	450	3.5	1	
11211	450	9.2	1	
11212	450	6.9	1	
11234	450	0.1	1	
11250	450	5.9	2	
11251	450	7.6	3	
11252	450	4.8	2	
11257	450	7.9	1	
11260	450	5.9	1	
11282	450	4.4	1	
11286	450	3.4	1	
11294	450	3.7	2	
11313	450	2.2	1	
11333	450	3.6	1	
11339	450	0.4	1	
11353	450	10	1	
11354	450	7.9	2	
11355	450	9.7	3	
11356	450	8.1	3	
11357	450	6.8	2	
11358	450	8.5	2	
11402	450	15	2	
11403	450	14	3	
11429	450	4.8	2	
11439	450	8.7	2	
11463	450	2.3	3	
11464	450	1.7	2	
11478	450	0.5	1	
11508	450	0.9	2	
11529	450	4.4	2	
11546	450	26	1	
11549	450	6.5	1	
11644	450	2.1	1	
11657	450	8.4	1	
11821	450	4	1	
11921	450	1.2	1	
11935	450	7.5	2	
11937	450	0.9	1	
11940	450	0.9	1	
11960	450	5.4	1	
12036	450	18	2	
12061	450	9.4	5	
12078	450	16	2	
12109	450	9.7	1	
12118	450	5.1	1	
12120	450	15	5	
12142	450	9.7	5	
12147	450	8.4	5	
12154	450	8.3	1	
12155	450	7.3	5	
12201	450	9.6	1	
12220	450	39	1	
12516	450	40	1	
12586	450	20	5	
12632	450	11	5	
12652	450	11	8	
12663	450	13	1	
13325	450	56	4	
13326	450	62	4	
13327	450	57	4	
13497	450	2.3	1	
13498	450	2.6	1	
14003	450	5.7	2	
14006	450	5.5	2	
14096	450	4.5	1	
14106	450	3.4	2	
14150	450	0	1	
14209	450	1.9	3	
14218	450	94	1	
14242	450	0.4	1	
14287	450	0.1	1	
14292	450	0.4	1	
14347	450	3.9	2	
14400	450	0	4	
14416	450	0	2	
14542	450	0.4	1	
15016	450	18	1	
15027	450	7.7	5	
15073	450	14	2	
15086	450	8.6	1	
15087	450	4	3	
15121	450	2.1	1	
15138	450	0.8	1	
15141	450	0.1	1	
15152	450	1.5	2	
15232	450	18	2	
15236	450	9.9	1	
15237	450	7.8	1	
15260	450	4.3	4	
15261	450	8.1	3	
15262	450	21	1	
16006	450	17	1	
16010	450	13	1	
16011	450	25	2	
16034	450	17	2	
16037	450	50	1	
16038	450	21	1	
16039	450	14	2	
16042	450	32	1	
16043	450	11	4	
16087	450	18	4	
16097	450	25	3	
16098	450	26	2	
16108	450	47	2	
16117	450	120	2	
16120	450	13	1	
16123	450	18	1	
16126	450	8.3	1	
16127	450	9.7	1	
16147	450	13	2	
16399	450	39	1	
17202	450	85	2	
17203	450	89	2	
17204	450	93	2	
18001	450	7.7	2	
18002	450	8.6	2	
18009	450	6.9	1	
18012	450	16	1	
18013	450	17	1	
18029	450	6.9	1	
18030	450	8.8	1	
18064	450	12	1	
18065	450	14	1	
18069	450	8.6	2	
18075	450	18	2	
18101	450	5.4	1	
18141	450	4.6	1	
18159	450	8.9	1	
18173	450	13	5	
18215	450	11	1	
18228	450	13	1	
18229	450	8.2	1	
18232	450	19	6	
18246	450	8.7	4	
18248	450	4.9	1	
18249	450	5.4	1	
18258	450	5.2	1	
18259	450	6.4	1	
18262	450	4.9	1	
18263	450	6.3	1	
18273	450	15	1	
18274	450	3.9	1	
18288	450	3.5	1	
18290	450	5.5	1	
18301	450	4.7	1	
18360	450	8.1	1	
18363	450	4.1	1	
18364	450	4.6	1	
18375	450	6.1	1	
18452	450	5	1	
18488	450	4	1	
18489	450	3.6	1	
18927	450	6.7	1	
18936	450	4.1	2	
18939	450	4.5	1	
19003	450	1.9	1	
19008	450	3.8	2	
19015	450	4.2	1	
19034	450	7.2	1	
19035	450	5.6	2	
19047	450	16	2	
19056	450	4.2	1	
19057	450	4.5	1	
19058	450	4.2	1	
19076	450	6.2	1	
19078	450	34	1	
19095	450	4.8	1	
19120	450	9.1	1	
19141	450	9.1	2	
19183	450	4.3	2	
19226	450	5.6	1	
19230	450	0.8	1	
19270	450	5.1	1	
19296	450	1.2	1	
19297	450	2.6	3	
19304	450	10	1	
19334	450	2.2	2	
19404	450	7.1	1	
19411	450	4.6	1	
19444	450	4.6	1	
20001	450	37	1	
20009	450	32	1	
20010	450	11	1	
20013	450	2.7	1	
20015	450	15	1	
20020	450	11	1	
20022	450	6.4	2	
20033	450	4.9	2	
20035	450	38	1	
20037	450	4.7	1	
20038	450	5	1	
20045	450	0.7	2	
20063	450	8.3	1	
20080	450	13	2	
20081	450	5.7	2	
20109	450	50	1	
20110	450	9.3	1	
20120	450	9.7	2	
20121	450	3.5	2	
20131	450	4.9	1	
20138	450	5.9	1	
20142	450	7.3	1	
20317	450	1.9	1	
21005	450	2.5	1	
21007	450	2.2	1	
21009	450	3.2	1	
21011	450	3.2	1	
21014	450	3.4	1	
21020	450	4.5	1	
21022	450	2.9	1	
21024	450	6.4	1	
21026	450	7.2	1	
21060	450	16	1	
21064	450	16	1	
21078	450	4.8	1	
21080	450	7.5	1	
21082	450	11	1	
21083	450	8.8	1	
21089	450	3	1	
21098	450	3.1	1	
21100	450	5.4	3	
21102	450	5.5	3	
21106	450	7.4	2	
21107	450	5.6	6	
21114	450	9.5	2	
21138	450	11	3	
21202	450	5	3	
21226	450	11	1	
21229	450	3.1	5	
21230	450	5.7	1	
21299	450	5.9	8	
21300	450	6	7	
21301	450	8.8	3	
21302	450	10	7	
21303	450	9.7	7	
21304	450	8.3	4	
21388	450	4.5	1	
21401	450	2.7	3	
21409	450	3.7	1	
21410	450	3.9	1	
21411	450	4	1	
22247	450	2.8	1	
22902	450	8.1	1	
22903	450	11	1	
22904	450	12	1	
22905	450	2.9	1	
22912	450	5.4	1	
22916	450	5.2	1	
22927	450	14	1	
22928	450	15	1	
23030	450	0.8	1	
23031	450	0.4	1	
23032	450	0.9	1	
23033	450	0.5	1	
23034	450	1	1	
23035	450	0.7	1	
23036	450	0.9	1	
23037	450	0.8	1	
23038	450	0.6	1	
23039	450	1	1	
23040	450	0.7	1	
23041	450	1.9	1	
23042	450	1.6	1	
23043	450	2.2	1	
23044	450	1.7	1	
23045	450	0.6	1	
23046	450	0.5	1	
23047	450	0.6	1	
23048	450	0.5	1	
23049	450	0.8	1	
23050	450	0.5	1	
23051	450	0.9	1	
23052	450	0.5	1	
23065	450	0.7	1	
23557	450	2.5	1	
23558	450	2.2	1	
23562	450	2.5	1	
23563	450	2.2	1	
23567	450	2.6	1	
23568	450	2.2	1	
23572	450	2.6	1	
23573	450	2.3	1	
23577	450	2.6	1	
23578	450	2.3	1	
25000	450	5.4	1	
25013	450	3.9	1	
25014	450	5.5	1	
25017	450	7.8	1	
25020	450	19	1	
25021	450	14	1	
35009	450	42	1	
35015	450	1.4	1	
35055	450	17	1	
35056	450	7.9	1	
35149	450	8.6	4	
35150	450	31	1	
35151	450	20	1	
35152	450	23	1	
35153	450	20	1	
35155	450	2.9	1	
35157	450	7.1	1	
35158	450	12	1	
35160	450	15	1	
35161	450	51	1	
35162	450	2.2	1	
35164	450	6.8	1	
35165	450	50	1	
35166	450	12	1	
35167	450	12	1	
35168	450	8.8	1	
35169	450	12	1	
35171	450	64	2	
35179	450	6.7	2	
35180	450	15	1	
35181	450	2.6	1	
35182	450	1.3	1	
35184	450	170	1	
35187	450	6.3	1	
35188	450	5.5	3	
35190	450	46	2	
35193	450	5.2	1	
35196	450	13	1	
42187	450	5.1	1	
42289	450	0	2	
43133	450	9.9	1	
43261	450	3.3	1	
98001	450	1.6	1	
98005	450	0.7	1	
98010	450	6.4	1	
98011	450	4.4	2	
98013	450	2.2	2	
98014	450	5.2	1	
98015	450	0.4	1	
98019	450	14	1	
98020	450	11	1	
98021	450	15	1	
98022	450	1.7	1	
98024	450	3	1	
98026	450	3.8	1	
98028	450	0	1	
98029	450	0.1	1	
98030	450	1.8	2	
98031	450	7.9	1	
98032	450	9.6	1	
98033	450	12	2	
98034	450	3.7	1	
98035	450	2.7	1	
98039	450	6.7	1	
98041	450	5.5	1	
98042	450	5.8	3	
98043	450	3.8	2	
98047	450	4.6	1	
98050	450	5	1	
98051	450	4.8	1	
98052	450	3.3	1	
98055	450	8.9	1	
98056	450	3.6	1	
98058	450	8.9	1	
98059	450	12	1	
98060	450	11	1	
98061	450	7.5	1	
98062	450	7.7	1	
98063	450	5.5	1	
98064	450	3.9	1	
98069	450	2.7	1	
98070	450	4	1	
98071	450	4.3	1	
98080	450	3	1	
98082	450	72	3	
98083	450	0.1	1	
98084	450	5.8	2	
98085	450	3.2	6	
98086	450	6	7	
98087	450	5.1	7	
98088	450	5.8	6	
98089	450	4.9	2	
98092	450	0.7	1	
98094	450	2	4	
98095	450	1.3	4	
98096	450	1	13	
98097	450	0.6	11	
98099	450	4.5	1	
98100	450	0.6	2	
98101	450	9.6	1	
98102	450	14	1	
98103	450	3.3	1	
98104	450	3.8	1	
98105	450	4.2	2	
98106	450	2.4	1	
98107	450	0.6	1	
98108	450	4	1	
98110	450	3.1	4	
98111	450	6.3	4	
98112	450	5.3	4	
98114	450	0.5	1	
98116	450	8.1	2	
98119	450	3.8	1	
98121	450	0.6	1	
1001	453	1.2	1	
1009	453	2.3	1	
1012	453	8.4	1	
1014	453	9.2	1	
1015	453	8.1	1	
1017	453	9.3	1	
1029	453	2.7	1	
1040	453	0.6	1	
1046	453	14	1	
1049	453	9	1	
1056	453	7.6	2	
1069	453	1.4	3	
1077	453	7.5	1	
1079	453	10	2	
1082	453	9.8	1	
1085	453	9.7	1	
1103	453	8.2	1	
1117	453	9.1	2	
1121	453	7.8	2	
1123	453	0.6	15	
1124	453	0.6	4	
1125	453	0.9	4	
1128	453	0.6	4	
1129	453	0.5	4	
1199	453	8	1	
2003	453	1.3	1	
2009	453	1	1	
2010	453	0.9	1	
2011	453	1	1	
2015	453	1.1	1	
2020	453	18	1	
2021	453	1.4	1	
2024	453	0.9	1	
2026	453	4.4	1	
2027	453	1.6	1	
2028	453	2	1	
2029	453	1.5	1	
2030	453	0.3	2	
2033	453	1	1	
2043	453	2.3	1	
2044	453	0.7	1	
2046	453	2.4	1	
3003	453	2.3	11	
3006	453	3.2	1	
3011	453	4.3	7	
3013	453	2.1	11	
3016	453	2.4	3	
3054	453	1	3	
3091	453	0.4	2	
3104	453	0.2	2	
3121	453	0.5	1	
3130	453	2.7	2	
3189	453	11	1	
3298	453	1.6	14	
4025	453	2.4	2	
4027	453	1.1	1	
4044	453	0.2	1	
4053	453	0.3	1	
4114	453	1	1	
4582	453	0.1	1	
4585	453	0.8	1	
4613	453	0.3	1	
4629	453	1.3	1	
4636	453	1.4	1	
4638	453	1.8	1	
5006	453	1	1	
5009	453	1.2	1	
5011	453	1.1	1	
5013	453	1.1	1	
5027	453	16	4	
5028	453	8.8	4	
5173	453	0.3	1	
5174	453	3.1	1	
5175	453	0.9	1	
5176	453	1.4	1	
5177	453	17	1	
5178	453	13	1	
5312	453	1.4	1	
5313	453	1.4	2	
5320	453	1.5	1	
5661	453	7.7	4	
6019	453	0.9	2	
6030	453	0.9	1	
6159	453	0.9	1	
6164	453	1	1	
3298	451	1.5	14	
4025	451	0.1	2	
4027	451	0	1	
4044	451	0	1	
4053	451	0	1	
4114	451	0	1	
4582	451	0	1	
4585	451	1.4	1	
4613	451	0.2	1	
4629	451	0.4	1	
4636	451	0.2	1	
4638	451	0.5	1	
5006	451	3.6	1	
5009	451	3.5	1	
5011	451	3.5	1	
5013	451	3.7	1	
5027	451	4.1	4	
5028	451	4.9	4	
5173	451	5	1	
5174	451	3.6	1	
5175	451	3.7	1	
5176	451	3.4	1	
5177	451	2.1	1	
5178	451	2.9	1	
5312	451	1.6	1	
5313	451	1.5	2	
5320	451	1.7	1	
5661	451	6	4	
6019	451	0.4	2	
6030	451	0.4	1	
6159	451	1.1	1	
6164	451	1.3	1	
6931	451	2	2	
7007	451	1.5	2	
7022	451	0.9	2	
7024	451	1.8	4	
7063	451	0.5	4	
7064	451	0.5	5	
7075	451	0.9	1	
7945	451	1.1	2	
7949	451	1.4	2	
7950	451	1.5	3	
7952	451	2	2	
7953	451	0.7	3	
7954	451	1	1	
7955	451	1.2	1	
7956	451	0.9	1	
7957	451	1	1	
7958	451	1.5	1	
7959	451	2.9	3	
7960	451	2.4	1	
8001	451	1.7	1	
8012	451	0.7	1	
8013	451	0	1	
8014	451	0	1	
8020	451	0	1	
8030	451	0.5	1	
8061	451	0.8	1	
8065	451	0	2	
8067	451	0.3	2	
8074	451	0.4	1	
8077	451	0.9	1	
8084	451	2.2	2	
8089	451	0.6	1	
8092	451	0.3	1	
8093	451	0.1	1	
8105	451	0	1	
8121	451	0	1	
8147	451	0.9	1	
8202	451	0.7	1	
8218	451	2	1	
8231	451	0.7	1	
8259	451	0	1	
8333	451	0.1	1	
8363	451	2	2	
8383	451	0.4	1	
8389	451	0.1	1	
8435	451	0.6	1	
8504	451	0.5	2	
8505	451	0.1	1	
8506	451	0	1	
9003	451	0	1	
9032	451	0	1	
9038	451	2.5	2	
9040	451	0.5	1	
9042	451	0	1	
9050	451	0.7	1	
9078	451	0.5	1	
9087	451	0.1	2	
9094	451	0.1	2	
9112	451	0.3	2	
9132	451	0.6	2	
9135	451	0	1	
9148	451	0.5	2	
9160	451	0.7	1	
9181	451	1.1	1	
9191	451	0.6	1	
9202	451	0.5	2	
9209	451	0.4	2	
9214	451	0.6	1	
9218	451	0.6	1	
9236	451	0.5	1	
9252	451	0	3	
9257	451	0	1	
9291	451	0	2	
9298	451	1.1	2	
9302	451	0.6	1	
9316	451	0	1	
9326	451	0.7	1	
9370	451	0.5	1	
9421	451	0	1	
9429	451	0.5	1	
9430	451	0.4	1	
9433	451	0.3	1	
9434	451	0.2	1	
9435	451	0	1	
9436	451	0.3	1	
9437	451	0.1	1	
10006	451	0.6	4	
10007	451	0.4	4	
10060	451	0.6	4	
10061	451	0.7	4	
10066	451	0.8	4	
10068	451	0.6	4	
10084	451	1	4	
10085	451	0.7	4	
10123	451	1.4	4	
10219	451	0.8	4	
10220	451	0.7	4	
10860	451	2.5	4	
10861	451	2.5	4	
10862	451	3	4	
10864	451	0	1	
10865	451	1	1	
10867	451	1.1	2	
10868	451	0.9	4	
10869	451	0.8	2	
10870	451	0.8	2	
10871	451	0.6	2	
10872	451	0.8	2	
10873	451	0.8	2	
10874	451	0.9	2	
10875	451	0.9	1	
10876	451	1	1	
10877	451	0.9	2	
10878	451	0.8	4	
10879	451	0.8	4	
10880	451	0.9	4	
10881	451	0.9	2	
10882	451	0.9	4	
10883	451	1	3	
10884	451	1	4	
10894	451	0.6	1	
10895	451	0.6	1	
10898	451	0.3	1	
10899	451	1	3	
10931	451	0.9	3	
10932	451	0.9	3	
10933	451	1	3	
10934	451	1.1	3	
10938	451	1.1	3	
11001	451	1.8	1	
11008	451	13	1	
11011	451	2.4	1	
11012	451	3.5	1	
11061	451	1.4	1	
11080	451	0.9	1	
11084	451	1.1	2	
11090	451	0.4	2	
11091	451	9.3	1	
11096	451	6.4	2	
11097	451	13	5	
11099	451	0	1	
11109	451	1.3	1	
11110	451	1.4	1	
11112	451	2	1	
11113	451	2.5	1	
11124	451	1.1	1	
11125	451	1.1	1	
11136	451	1.8	1	
11143	451	0.7	2	
11179	451	1.7	1	
11205	451	0.9	1	
11206	451	0.7	1	
11211	451	4	1	
11212	451	2	1	
11234	451	0	1	
11250	451	2.4	2	
11251	451	1.6	3	
11252	451	1.5	2	
11257	451	3.4	1	
11260	451	1.4	1	
11282	451	0.7	1	
11286	451	0.6	1	
11294	451	0.6	2	
11313	451	0.7	1	
11333	451	1.2	1	
11339	451	1.2	1	
11353	451	0.7	1	
11354	451	0.3	2	
11355	451	0.8	3	
11356	451	0.7	3	
11357	451	0.9	2	
11358	451	1.2	2	
11402	451	1	2	
11403	451	1.2	3	
11429	451	1	2	
11439	451	0	2	
11463	451	1.4	3	
11464	451	1.1	2	
11478	451	2.4	1	
11508	451	2.6	2	
11529	451	1.8	2	
11546	451	4.3	1	
11549	451	1.6	1	
11644	451	2.6	1	
11657	451	0.8	1	
11821	451	1	1	
11921	451	1.5	1	
11935	451	1.8	2	
11937	451	0.7	1	
11940	451	0.7	1	
11960	451	0.7	1	
12036	451	1.3	2	
12061	451	1.9	5	
12078	451	0.3	2	
12109	451	2.8	1	
12118	451	0.6	1	
12120	451	0.9	5	
12142	451	1.3	5	
12147	451	2.1	5	
12154	451	0.6	1	
12155	451	0.8	5	
12201	451	2.8	1	
12220	451	0.6	1	
12516	451	2.3	1	
12586	451	0.9	5	
12632	451	1.1	5	
12652	451	8.5	8	
12663	451	3.8	1	
13325	451	12	4	
13326	451	12	4	
13327	451	12	4	
13497	451	0.3	1	
13498	451	0.5	1	
14003	451	0	2	
14006	451	0	2	
14096	451	0	1	
14106	451	0	2	
14150	451	0	1	
14209	451	0	3	
14218	451	0	1	
14242	451	0	1	
14287	451	0	1	
14292	451	0.1	1	
14347	451	1.4	2	
14400	451	0	4	
14416	451	0	2	
14542	451	0	1	
15016	451	1.6	1	
15027	451	0.7	5	
15073	451	2.2	2	
15086	451	1.1	1	
15087	451	0.8	3	
15121	451	0	1	
15138	451	0.2	1	
15141	451	0.3	1	
15152	451	0.8	2	
15232	451	2.3	2	
15236	451	1	1	
15237	451	1.2	1	
15260	451	0.6	4	
15261	451	1.4	3	
15262	451	2.5	1	
16006	451	0.8	1	
16010	451	0.9	1	
16011	451	1	2	
16034	451	0.6	2	
16037	451	0	1	
16038	451	0	1	
16039	451	0.6	2	
16042	451	0.8	1	
16043	451	0.2	4	
16087	451	1.8	4	
16097	451	2.2	3	
16098	451	0.7	2	
16108	451	1.1	2	
16117	451	1.5	2	
16120	451	3.5	1	
16123	451	0.3	1	
16126	451	0	1	
16127	451	0	1	
16147	451	0.2	2	
16399	451	1.8	1	
17202	451	11	2	
17203	451	6.7	2	
17204	451	9.7	2	
18001	451	0.3	2	
18002	451	0.3	2	
18009	451	0.6	1	
18012	451	0	1	
18013	451	0.3	1	
18029	451	0.4	1	
18030	451	0.4	1	
18064	451	0.3	1	
18065	451	0.3	1	
18069	451	0.1	2	
18075	451	0.3	2	
18101	451	0.6	1	
18141	451	0	1	
18159	451	0.5	1	
18173	451	0.4	5	
18215	451	0.8	1	
18228	451	0	1	
18229	451	0	1	
18232	451	0.5	6	
18246	451	0.7	4	
18248	451	0.6	1	
18249	451	0.6	1	
18258	451	0	1	
18259	451	0	1	
18262	451	0.2	1	
18263	451	0.2	1	
18273	451	0.7	1	
18274	451	0.7	1	
18288	451	0.8	1	
18290	451	0	1	
18301	451	0	1	
18360	451	2.7	1	
18363	451	0.2	1	
18364	451	0.2	1	
18375	451	2.6	1	
18452	451	0.6	1	
18488	451	0.6	1	
18489	451	0	1	
18927	451	1.3	1	
18936	451	0.9	2	
18939	451	0.9	1	
19003	451	0	1	
19008	451	0.7	2	
19015	451	0.3	1	
19034	451	0	1	
19035	451	0	2	
19047	451	0.3	2	
6931	453	0.8	2	
7007	453	0.8	2	
7022	453	1.4	2	
7024	453	0.9	4	
7063	453	8.7	4	
7064	453	9.4	5	
7075	453	0.8	1	
7945	453	1.8	2	
7949	453	1.1	2	
7950	453	1.4	3	
7952	453	0.5	2	
7953	453	5.4	3	
7954	453	1.9	1	
7955	453	1.3	1	
7956	453	2.6	1	
7957	453	1.7	1	
7958	453	1.1	1	
7959	453	1	3	
7960	453	0.6	1	
8001	453	4.3	1	
8012	453	1.7	1	
8013	453	10	1	
8014	453	3.6	1	
8020	453	2.1	1	
8030	453	3	1	
8061	453	5	1	
8065	453	3.1	2	
8067	453	4.1	2	
8074	453	4.6	1	
8077	453	0.7	1	
8084	453	18	2	
8089	453	3.7	1	
8092	453	1.4	1	
8093	453	0.4	1	
8105	453	0.7	1	
8121	453	1.6	1	
8147	453	3.2	1	
8202	453	2.1	1	
8218	453	11	1	
8231	453	33	1	
8259	453	1.3	1	
8333	453	2	1	
8363	453	5.9	2	
8383	453	2.1	1	
8389	453	3.4	1	
8435	453	7.1	1	
8504	453	2	2	
8505	453	4.9	1	
8506	453	0.3	1	
9003	453	0	1	
9032	453	0.8	1	
9038	453	0.7	2	
9040	453	5.6	1	
9042	453	0.8	1	
9050	453	0.6	1	
9078	453	1	1	
9087	453	0	2	
9094	453	0.4	2	
9112	453	1.2	2	
9132	453	0	2	
9135	453	0	1	
9148	453	1	2	
9160	453	0.9	1	
9181	453	0.7	1	
9191	453	1.2	1	
9202	453	1.1	2	
9209	453	1.9	2	
9214	453	4.2	1	
9218	453	1	1	
9236	453	1.1	1	
9252	453	0.2	3	
9257	453	1.1	1	
9291	453	0.9	2	
9298	453	0.3	2	
9302	453	1.6	1	
9316	453	0.9	1	
9326	453	0	1	
9370	453	0.9	1	
9421	453	0	1	
9429	453	0	1	
9430	453	0	1	
9433	453	0.5	1	
9434	453	1.2	1	
9435	453	0.5	1	
9436	453	0.3	1	
9437	453	0.9	1	
10006	453	5.7	4	
10007	453	6	4	
10060	453	24	4	
10061	453	17	4	
10066	453	14	4	
10068	453	12	4	
10084	453	11	4	
10085	453	9.1	4	
10123	453	4.6	4	
10219	453	15	4	
10220	453	16	4	
10860	453	14	4	
10861	453	11	4	
10862	453	19	4	
10864	453	0	1	
10865	453	9.6	1	
10867	453	7.8	2	
10868	453	9	4	
10869	453	9	2	
10870	453	7.1	2	
10871	453	6.5	2	
10872	453	8.5	2	
10873	453	15	2	
10874	453	8.1	2	
10875	453	23	1	
10876	453	11	1	
10877	453	9.5	2	
10878	453	10	4	
10879	453	9	4	
10880	453	9.7	4	
10881	453	7.3	2	
10882	453	12	4	
10883	453	9.5	3	
10884	453	12	4	
10894	453	4.8	1	
10895	453	4.3	1	
10898	453	3.5	1	
10899	453	9.8	3	
10931	453	8.2	3	
10932	453	8.2	3	
10933	453	8.6	3	
10934	453	7.7	3	
10938	453	8.1	3	
11001	453	0.6	1	
11008	453	1.1	1	
11011	453	0.6	1	
11012	453	0.9	1	
11061	453	0.8	1	
11080	453	0.6	1	
11084	453	0.6	2	
11090	453	0	2	
11091	453	1.3	1	
11096	453	0	2	
11097	453	2.4	5	
11099	453	3.2	1	
11109	453	2.9	1	
11110	453	4	1	
11112	453	4	1	
11113	453	6.1	1	
11124	453	0	1	
11125	453	0.4	1	
11136	453	0.7	1	
11143	453	0	2	
11179	453	0.6	1	
11205	453	0.5	1	
11206	453	0.5	1	
11211	453	0.3	1	
11212	453	1.5	1	
11234	453	0	1	
11250	453	0	2	
11251	453	0	3	
11252	453	0	2	
11257	453	0	1	
11260	453	5.1	1	
11282	453	0.6	1	
11286	453	0.6	1	
11294	453	0.7	2	
11313	453	0.8	1	
11333	453	0	1	
11339	453	0.5	1	
11353	453	1.7	1	
11354	453	2.6	2	
11355	453	5.7	3	
11356	453	1.6	3	
11357	453	2.7	2	
11358	453	3.8	2	
11402	453	1.4	2	
11403	453	2.6	3	
11429	453	0	2	
11439	453	0.9	2	
11463	453	0.2	3	
11464	453	0	2	
11478	453	0.7	1	
11508	453	2	2	
11529	453	0	2	
11546	453	1.7	1	
11549	453	0.8	1	
11644	453	0.6	1	
11657	453	1.3	1	
11821	453	0.5	1	
11921	453	0.5	1	
11935	453	1.4	2	
11937	453	0.3	1	
11940	453	0.7	1	
11960	453	0	1	
12036	453	5.6	2	
12061	453	1.2	5	
12078	453	1	2	
12109	453	2.8	1	
12118	453	0.6	1	
12120	453	5	5	
12142	453	6.1	5	
12147	453	0.7	5	
12154	453	7.4	1	
12155	453	10	5	
12201	453	3.1	1	
12220	453	3.1	1	
12516	453	0.9	1	
12586	453	3.3	5	
12632	453	1.8	5	
12652	453	1.7	8	
12663	453	3.6	1	
13325	453	85	4	
13326	453	83	4	
13327	453	78	4	
13497	453	2.4	1	
13498	453	2.4	1	
14003	453	4.2	2	
14006	453	2.5	2	
14096	453	1.1	1	
14106	453	1.4	2	
14150	453	0.6	1	
14209	453	0.7	3	
14218	453	8.2	1	
14242	453	0.7	1	
14287	453	0	1	
14292	453	0.6	1	
14347	453	9.3	2	
14400	453	0.4	4	
14416	453	0	2	
14542	453	0.6	1	
15016	453	30	1	
15027	453	13	5	
15073	453	3.6	2	
15086	453	5.9	1	
15087	453	31	3	
15121	453	5.9	1	
15138	453	0.5	1	
15141	453	2.5	1	
15152	453	4.9	2	
15232	453	9.3	2	
15236	453	43	1	
15237	453	41	1	
15260	453	28	4	
15261	453	0.7	3	
15262	453	1.2	1	
16006	453	1.3	1	
16010	453	1.6	1	
16011	453	1.6	2	
16034	453	2.1	2	
16037	453	4.5	1	
16038	453	1.9	1	
16039	453	0.8	2	
16042	453	2.9	1	
16043	453	1.4	4	
16087	453	1.3	4	
16097	453	1.3	3	
16098	453	1.1	2	
16108	453	2.9	2	
16117	453	7	2	
16120	453	1.3	1	
16123	453	0.2	1	
16126	453	0.6	1	
16127	453	0.7	1	
16147	453	1.1	2	
16399	453	1	1	
17202	453	64	2	
17203	453	55	2	
17204	453	57	2	
18001	453	1.9	2	
18002	453	2	2	
18009	453	1.3	1	
18012	453	1.7	1	
18013	453	0.9	1	
18029	453	3.4	1	
18030	453	3.2	1	
18064	453	3.8	1	
18065	453	3.6	1	
18069	453	3.7	2	
18075	453	4.9	2	
18101	453	61	1	
18141	453	1.3	1	
18159	453	1.4	1	
18173	453	3.6	5	
18215	453	2.8	1	
18228	453	6.3	1	
18229	453	3.9	1	
18232	453	3.4	6	
18246	453	2.2	4	
18248	453	3	1	
18249	453	1.9	1	
18258	453	5.7	1	
18259	453	6.9	1	
18262	453	4.5	1	
18263	453	5.4	1	
18273	453	2.9	1	
18274	453	3.6	1	
18288	453	15	1	
18290	453	1.5	1	
18301	453	1	1	
18360	453	3.3	1	
18363	453	2.4	1	
18364	453	1.5	1	
18375	453	16	1	
18452	453	10	1	
18488	453	1.6	1	
18489	453	1.5	1	
18927	453	15	1	
18936	453	12	2	
18939	453	1.5	1	
19003	453	0.7	1	
19008	453	5.9	2	
19015	453	3.9	1	
19034	453	2.4	1	
19035	453	1.8	2	
19047	453	9.8	2	
19056	453	2.7	1	
19057	453	3.5	1	
19058	453	3.8	1	
19076	453	5	1	
19078	453	0.9	1	
19095	453	13	1	
19120	453	22	1	
19141	453	3.9	2	
19183	453	3.6	2	
19226	453	0	1	
19230	453	0	1	
19270	453	11	1	
19296	453	0.7	1	
19297	453	6.7	3	
19304	453	1	1	
19334	453	0.3	2	
19404	453	1.9	1	
19411	453	0	1	
19444	453	1.7	1	
20001	453	6.8	1	
20009	453	1.1	1	
20010	453	0.8	1	
20013	453	0.8	1	
20015	453	0.6	1	
20020	453	2	1	
20022	453	1.3	2	
20033	453	6.2	2	
20035	453	14	1	
20037	453	1.2	1	
20038	453	4.3	1	
20045	453	1	2	
20063	453	5.8	1	
20080	453	2.2	2	
20081	453	1.5	2	
20109	453	2.3	1	
20110	453	0.9	1	
20120	453	1.4	2	
20121	453	0.8	2	
20131	453	2.4	1	
20138	453	1.4	1	
20142	453	1.4	1	
20317	453	0.2	1	
21005	453	2.8	1	
21007	453	2.9	1	
21009	453	3.1	1	
21011	453	4.8	1	
21014	453	3.7	1	
21020	453	3.1	1	
21022	453	2.6	1	
21024	453	2.3	1	
21026	453	1.6	1	
21060	453	1	1	
21064	453	0.8	1	
21078	453	11	1	
21080	453	1.3	1	
21082	453	1	1	
21083	453	1	1	
21089	453	2.9	1	
21098	453	2.6	1	
21100	453	6.2	3	
21102	453	4.2	3	
21106	453	11	2	
21107	453	5.6	6	
21114	453	5.7	2	
21138	453	2.4	3	
21202	453	2.7	3	
21226	453	1.8	1	
21229	453	1.7	5	
21230	453	4.1	1	
21299	453	2.5	8	
21300	453	2.5	7	
21301	453	2.6	3	
21302	453	2.1	7	
21303	453	2.5	7	
21304	453	2	4	
21388	453	2.2	1	
21401	453	1.4	3	
21409	453	2.7	1	
21410	453	2.6	1	
21411	453	2	1	
22247	453	1.1	1	
22902	453	1.6	1	
22903	453	2.1	1	
22904	453	1.5	1	
22905	453	1.1	1	
22912	453	1.1	1	
22916	453	1.1	1	
22927	453	1.2	1	
22928	453	1.1	1	
23030	453	4.8	1	
23031	453	4	1	
23032	453	5.7	1	
23033	453	4.5	1	
23034	453	6.1	1	
23035	453	5.5	1	
23036	453	9.3	1	
23037	453	5.1	1	
23038	453	4.5	1	
23039	453	5.8	1	
23040	453	5.2	1	
23041	453	4.9	1	
23042	453	4.3	1	
23043	453	5.7	1	
23044	453	4	1	
23045	453	6.4	1	
23046	453	4.2	1	
23047	453	5.2	1	
23048	453	5	1	
23049	453	4.7	1	
23050	453	4.6	1	
23051	453	5.8	1	
23052	453	5.9	1	
23065	453	7.8	1	
23557	453	3.3	1	
23558	453	3.3	1	
23562	453	3.2	1	
23563	453	3.1	1	
23567	453	3	1	
23568	453	3	1	
23572	453	2.8	1	
23573	453	2.8	1	
23577	453	2.6	1	
23578	453	2.6	1	
25000	453	2.6	1	
25013	453	2.1	1	
25014	453	3	1	
25017	453	2.5	1	
25020	453	1.9	1	
25021	453	3.2	1	
35009	453	48	1	
35015	453	0.1	1	
35055	453	52	1	
35056	453	24	1	
35149	453	25	4	
35150	453	39	1	
35151	453	53	1	
35152	453	41	1	
35153	453	50	1	
35155	453	1.4	1	
35157	453	29	1	
35158	453	5.1	1	
35160	453	31	1	
35161	453	33	1	
35162	453	6.5	1	
35164	453	20	1	
35165	453	41	1	
35166	453	42	1	
35167	453	24	1	
35168	453	33	1	
35169	453	74	1	
35171	453	100	2	
35179	453	0.1	2	
35180	453	190	1	
35181	453	46	1	
35182	453	1.6	1	
35184	453	0.1	1	
35187	453	1.9	1	
35188	453	23	3	
35190	453	130	2	
35193	453	0.7	1	
35196	453	0.3	1	
42187	453	9.2	1	
42289	453	0.2	2	
43133	453	1.8	1	
43261	453	7.8	1	
98001	453	2.9	1	
98005	453	0.7	1	
98010	453	0	1	
98011	453	0	2	
98013	453	0	2	
98014	453	0.9	1	
98015	453	0	1	
98019	453	1.8	1	
98020	453	1.6	1	
98021	453	1.1	1	
98022	453	9.9	1	
98024	453	2.7	1	
98026	453	1.6	1	
98028	453	0.5	1	
98029	453	0.5	1	
98030	453	6.2	2	
98031	453	16	1	
98032	453	22	1	
98033	453	11	2	
98034	453	13	1	
98035	453	10	1	
98039	453	1.4	1	
98041	453	2.1	1	
98042	453	1.3	3	
98043	453	1.4	2	
98047	453	2.1	1	
98050	453	4.5	1	
98051	453	4	1	
98052	453	2.1	1	
98055	453	5.5	1	
98056	453	2.1	1	
98058	453	1.2	1	
98059	453	0.8	1	
98060	453	1.2	1	
98061	453	1.3	1	
98062	453	0.6	1	
98063	453	15	1	
98064	453	4.9	1	
98069	453	1.4	1	
98070	453	4.8	1	
98071	453	13	1	
98080	453	2.3	1	
98082	453	22	3	
98083	453	0.4	1	
98084	453	0.8	2	
98085	453	1.6	6	
98086	453	1.1	7	
98087	453	1.4	7	
98088	453	0.8	6	
98089	453	0.9	2	
98092	453	2.3	1	
98094	453	6.9	4	
98095	453	8	4	
98096	453	3.2	13	
98097	453	3.4	11	
98099	453	1.9	1	
98100	453	8.7	2	
98101	453	32	1	
98102	453	1.8	1	
98103	453	5	1	
98104	453	0.2	1	
98105	453	0	2	
98106	453	1.4	1	
98107	453	0.3	1	
98108	453	1.8	1	
98110	453	1.8	4	
98111	453	1.1	4	
98112	453	1	4	
98114	453	1	1	
98116	453	3	2	
98119	453	0.5	1	
98121	453	0.3	1	
1001	451	0.7	1	
1009	451	0.6	1	
1012	451	1.3	1	
1014	451	1.6	1	
1015	451	1.3	1	
1017	451	1.5	1	
1029	451	1	1	
1040	451	0	1	
1046	451	2.1	1	
1049	451	1.1	1	
1056	451	1.2	2	
1069	451	0	3	
1077	451	1.9	1	
1079	451	1.6	2	
1082	451	1.9	1	
1085	451	1.7	1	
1103	451	1.1	1	
1117	451	1.7	2	
1121	451	1.6	2	
1123	451	0.6	15	
1124	451	0	4	
1125	451	1	4	
1128	451	0.7	4	
1129	451	0.5	4	
1199	451	1.2	1	
2003	451	0	1	
2009	451	2.2	1	
2010	451	0.8	1	
2011	451	1	1	
2015	451	1.4	1	
2020	451	1.3	1	
2021	451	0.9	1	
2024	451	0.4	1	
2026	451	1.6	1	
2027	451	0	1	
2028	451	3.8	1	
2029	451	6.6	1	
2030	451	0.3	2	
2033	451	0	1	
2043	451	3.2	1	
2044	451	2	1	
2046	451	0.4	1	
3003	451	0.3	11	
3006	451	0.5	1	
3011	451	0.5	7	
3013	451	1.2	11	
3016	451	0.6	3	
3054	451	0.4	3	
3091	451	1.5	2	
3104	451	0.5	2	
3121	451	1	1	
3130	451	0.7	2	
3189	451	0.2	1	
19056	451	0	1	
19057	451	1.7	1	
19058	451	0.5	1	
19076	451	2.9	1	
19078	451	0	1	
19095	451	1.8	1	
19120	451	2.3	1	
19141	451	2	2	
19183	451	0.8	2	
19226	451	0	1	
19230	451	0	1	
19270	451	0.7	1	
19296	451	0.1	1	
19297	451	0.5	3	
19304	451	1.3	1	
19334	451	0.1	2	
19404	451	0.4	1	
19411	451	0	1	
19444	451	0	1	
20001	451	0.2	1	
20009	451	0.7	1	
20010	451	0.7	1	
20013	451	0.7	1	
20015	451	0.3	1	
20020	451	0.3	1	
20022	451	0.1	2	
20033	451	0.3	2	
20035	451	0.4	1	
20037	451	0	1	
20038	451	0.3	1	
20045	451	0	2	
20063	451	0.6	1	
20080	451	0.5	2	
20081	451	0.1	2	
20109	451	0	1	
20110	451	0	1	
20120	451	0	2	
20121	451	0	2	
20131	451	0.9	1	
20138	451	0.4	1	
20142	451	0.2	1	
20317	451	0.1	1	
21005	451	0.5	1	
21007	451	0.7	1	
21009	451	0.4	1	
21011	451	0.4	1	
21014	451	0.7	1	
21020	451	0.4	1	
21022	451	0.5	1	
21024	451	0	1	
21026	451	0.5	1	
21060	451	0	1	
21064	451	0.9	1	
21078	451	0.7	1	
21080	451	0.9	1	
21082	451	1.1	1	
21083	451	0.8	1	
21089	451	1.3	1	
21098	451	1.2	1	
21100	451	1	3	
21102	451	1	3	
21106	451	0.5	2	
21107	451	0.8	6	
21114	451	0.8	2	
21138	451	1.5	3	
21202	451	0.9	3	
21226	451	0.8	1	
21229	451	1.2	5	
21230	451	0.9	1	
21299	451	0.6	8	
21300	451	0.6	7	
21301	451	1	3	
21302	451	0.5	7	
21303	451	0.5	7	
21304	451	0.7	4	
21388	451	0.4	1	
21401	451	0.9	3	
21409	451	0.5	1	
21410	451	0.5	1	
21411	451	0.5	1	
22247	451	0.4	1	
22902	451	0.4	1	
22903	451	1	1	
22904	451	0.6	1	
22905	451	0.7	1	
22912	451	0.4	1	
22916	451	0.9	1	
22927	451	0.2	1	
22928	451	0	1	
23030	451	1	1	
23031	451	1	1	
23032	451	0.9	1	
23033	451	0.9	1	
23034	451	1.5	1	
23035	451	1.5	1	
23036	451	1.5	1	
23037	451	1.2	1	
23038	451	1.1	1	
23039	451	1.2	1	
23040	451	1.3	1	
23041	451	1.7	1	
23042	451	1.9	1	
23043	451	1.5	1	
23044	451	1.9	1	
23045	451	1.6	1	
23046	451	1.1	1	
23047	451	1	1	
23048	451	1.2	1	
23049	451	1	1	
23050	451	0.8	1	
23051	451	0.7	1	
23052	451	0.9	1	
23065	451	1.4	1	
23557	451	0.2	1	
23558	451	0.4	1	
23562	451	0.3	1	
23563	451	0.3	1	
23567	451	0.3	1	
23568	451	0.3	1	
23572	451	0.4	1	
23573	451	0.3	1	
23577	451	0.4	1	
23578	451	0.3	1	
25000	451	0	1	
25013	451	0.2	1	
25014	451	0	1	
25017	451	0.3	1	
25020	451	0.8	1	
25021	451	0.6	1	
35009	451	5.6	1	
35015	451	0.1	1	
35055	451	1.5	1	
35056	451	1.5	1	
35149	451	0.4	4	
35150	451	1.5	1	
35151	451	1.5	1	
35152	451	0.9	1	
35153	451	1.4	1	
35155	451	0.2	1	
35157	451	2	1	
35158	451	1.8	1	
35160	451	5.1	1	
35161	451	7.3	1	
35162	451	1.2	1	
35164	451	1.3	1	
35165	451	3	1	
35166	451	2.8	1	
35167	451	3.2	1	
35168	451	2.6	1	
35169	451	1.1	1	
35171	451	2.4	2	
35179	451	0.1	2	
35180	451	4.1	1	
35181	451	1.7	1	
35182	451	0.3	1	
35184	451	3.5	1	
35187	451	0.1	1	
35188	451	0.9	3	
35190	451	1.8	2	
35193	451	0	1	
35196	451	1.9	1	
42187	451	2.1	1	
42289	451	0	2	
43133	451	0.4	1	
43261	451	2	1	
98001	451	0	1	
98005	451	0	1	
98010	451	1.1	1	
98011	451	1.9	2	
98013	451	1.8	2	
98014	451	0	1	
98015	451	0	1	
98019	451	0.9	1	
98020	451	0.9	1	
98021	451	0	1	
98022	451	0.6	1	
98024	451	0.6	1	
98026	451	0	1	
98028	451	0	1	
98029	451	0	1	
98030	451	1.6	2	
98031	451	0	1	
98032	451	3.1	1	
98033	451	1.7	2	
98034	451	1.1	1	
98035	451	1.9	1	
98039	451	0.8	1	
98041	451	1.5	1	
98042	451	1.1	3	
98043	451	1.1	2	
98047	451	0.5	1	
98050	451	0.9	1	
98051	451	0.6	1	
98052	451	0.4	1	
98055	451	0.7	1	
98056	451	1.5	1	
98058	451	0.8	1	
98059	451	0.6	1	
98060	451	0.9	1	
98061	451	1.3	1	
98062	451	0.6	1	
98063	451	1.2	1	
98064	451	0.6	1	
98069	451	0.2	1	
98070	451	1.1	1	
98071	451	0.8	1	
98080	451	0.4	1	
98082	451	5.2	3	
98083	451	0.2	1	
98084	451	2.8	2	
98085	451	2.1	6	
98086	451	3	7	
98087	451	1.8	7	
98088	451	2.8	6	
98089	451	2.2	2	
98092	451	0	1	
98094	451	0.6	4	
98095	451	0.5	4	
98096	451	0.9	13	
98097	451	0.6	11	
98099	451	0.8	1	
98100	451	1.4	2	
98101	451	2.5	1	
98102	451	6.4	1	
98103	451	3.7	1	
98104	451	0.2	1	
98105	451	0.3	2	
98106	451	1.2	1	
98107	451	0.5	1	
98108	451	0.7	1	
98110	451	2.3	4	
98111	451	3.2	4	
98112	451	2.4	4	
98114	451	0.5	1	
98116	451	0.7	2	
98119	451	0.7	1	
98121	451	0.2	1	
1001	452	11	1	
1009	452	7.4	1	
1012	452	2.5	1	
1014	452	1.6	1	
1015	452	2	1	
1017	452	7.3	1	
1029	452	5.2	1	
1040	452	6.3	1	
1046	452	7.1	1	
1049	452	2.6	1	
1056	452	3.7	2	
1069	452	0.1	3	
1077	452	0.6	1	
1079	452	1.2	2	
1082	452	1.2	1	
1085	452	0.8	1	
1103	452	1.7	1	
1117	452	1	2	
1121	452	1.5	2	
1123	452	240	15	
1124	452	0.3	4	
5177	454	3	1	
5178	454	2.5	1	
5312	454	13	1	
5313	454	17	2	
5320	454	14	1	
5661	454	21	4	
6019	454	12	2	
6030	454	24	1	
6159	454	4.2	1	
6164	454	0.3	1	
6931	454	0.6	2	
7007	454	5.1	2	
7022	454	5	2	
7024	454	5.1	4	
7063	454	3.4	4	
7064	454	3.6	5	
7075	454	2.1	1	
7945	454	5.5	2	
7949	454	3.5	2	
7950	454	3.6	3	
7952	454	4.8	2	
7953	454	3.1	3	
7954	454	7.3	1	
7955	454	6.4	1	
7956	454	10	1	
7957	454	2.2	1	
7958	454	8	1	
7959	454	4.2	3	
7960	454	4.4	1	
8001	454	360	1	
8012	454	1.8	1	
8013	454	35	1	
8014	454	1.3	1	
8020	454	0.7	1	
8030	454	33	1	
8061	454	290	1	
8065	454	0.5	2	
8067	454	26	2	
8074	454	20	1	
8077	454	170	1	
8084	454	410	2	
8089	454	200	1	
8092	454	1.1	1	
8093	454	0.2	1	
8105	454	6.9	1	
8121	454	3.1	1	
8147	454	160	1	
8202	454	35	1	
8218	454	140	1	
8231	454	36	1	
8259	454	0.7	1	
8333	454	22	1	
8363	454	320	2	
8383	454	38	1	
8389	454	68	1	
8435	454	250	1	
8504	454	120	2	
8505	454	7.1	1	
8506	454	1.2	1	
9003	454	0.1	1	
9032	454	0.3	1	
9038	454	0.7	2	
9040	454	0.1	1	
9042	454	0.3	1	
9050	454	0.2	1	
9078	454	0.2	1	
9087	454	0.4	2	
9094	454	0.8	2	
9112	454	0.2	2	
9132	454	0.1	2	
9135	454	0.2	1	
9148	454	0.5	2	
9160	454	0.2	1	
9181	454	0.1	1	
9191	454	0.2	1	
9202	454	0.1	2	
9209	454	0.2	2	
9214	454	0.5	1	
9218	454	0.1	1	
9236	454	0.3	1	
9252	454	0.2	3	
9257	454	0.3	1	
9291	454	0.4	2	
9298	454	0.3	2	
9302	454	0.8	1	
9316	454	0.2	1	
9326	454	0.3	1	
9370	454	0.3	1	
9421	454	0.4	1	
9429	454	0.1	1	
9430	454	0.1	1	
9433	454	0.1	1	
9434	454	0	1	
9435	454	0.1	1	
9436	454	0	1	
9437	454	0.1	1	
10006	454	2.4	4	
10007	454	1.9	4	
10060	454	3	4	
10061	454	4.3	4	
10066	454	3.1	4	
10068	454	2.8	4	
10084	454	4.1	4	
10085	454	3.5	4	
10123	454	0.9	4	
10219	454	3.7	4	
10220	454	4.7	4	
10860	454	3.4	4	
10861	454	3	4	
10862	454	4.2	4	
10864	454	0.2	1	
10865	454	5	1	
10867	454	2.9	2	
10868	454	5.5	4	
10869	454	3.9	2	
10870	454	4.5	2	
10871	454	4.4	2	
10872	454	3.2	2	
10873	454	3	2	
10874	454	2.9	2	
10875	454	1.8	1	
10876	454	3.7	1	
10877	454	3.6	2	
10878	454	4.8	4	
10879	454	4.3	4	
10880	454	3.5	4	
10881	454	5.3	2	
10882	454	6.3	4	
10883	454	7.8	3	
10884	454	5.5	4	
10894	454	2.6	1	
10895	454	1.9	1	
10898	454	1.1	1	
10899	454	7.3	3	
10931	454	7.3	3	
10932	454	6.3	3	
10933	454	7.2	3	
10934	454	6	3	
10938	454	6.1	3	
11001	454	0.4	1	
11008	454	0.2	1	
11011	454	0.6	1	
11012	454	0.9	1	
11061	454	0.1	1	
11080	454	130	1	
11084	454	260	2	
11090	454	0.1	2	
11091	454	0.1	1	
11096	454	0.3	2	
11097	454	0.2	5	
11099	454	0.2	1	
11109	454	0.4	1	
11110	454	0.3	1	
11112	454	0.1	1	
11113	454	0.1	1	
11124	454	0.4	1	
11125	454	0.1	1	
11136	454	0.1	1	
11143	454	0.1	2	
11179	454	0.2	1	
11205	454	0.1	1	
11206	454	0.1	1	
11211	454	0.7	1	
11212	454	4.5	1	
11234	454	0.3	1	
11250	454	0.1	2	
11251	454	0.1	3	
11252	454	0.1	2	
11257	454	0.2	1	
11260	454	11	1	
11282	454	0.1	1	
11286	454	0.1	1	
11294	454	0.1	2	
11313	454	0.2	1	
11333	454	0.1	1	
11339	454	0.1	1	
11353	454	0.2	1	
11354	454	0.2	2	
11355	454	0.2	3	
11356	454	0.2	3	
11357	454	0.2	2	
11358	454	0.2	2	
11402	454	0.7	2	
11403	454	0.7	3	
11429	454	0.1	2	
11439	454	0.5	2	
11463	454	120	3	
11464	454	110	2	
11478	454	0.3	1	
11508	454	35	2	
11529	454	0.1	2	
11546	454	0.4	1	
11549	454	0.8	1	
11644	454	0.2	1	
11657	454	0.4	1	
11821	454	0.1	1	
11921	454	0.1	1	
11935	454	0.2	2	
11937	454	0	1	
11940	454	0.3	1	
11960	454	0.1	1	
12036	454	35	2	
12061	454	0.5	5	
12078	454	0.4	2	
12109	454	1.3	1	
12118	454	0	1	
12120	454	0.4	5	
12142	454	0.7	5	
12147	454	0.4	5	
12154	454	0.6	1	
12155	454	0.3	5	
12201	454	0.7	1	
12220	454	3.1	1	
12516	454	1.5	1	
12586	454	11	5	
12632	454	0.3	5	
12652	454	0.8	8	
12663	454	0.3	1	
13325	454	4.4	4	
13326	454	5.6	4	
13327	454	6.3	4	
13497	454	10	1	
13498	454	8.5	1	
14003	454	8.1	2	
14006	454	6.3	2	
14096	454	0.3	1	
14106	454	0.2	2	
14150	454	0.1	1	
14209	454	0.1	3	
14218	454	0.7	1	
14242	454	0.1	1	
14287	454	0.7	1	
14292	454	0.4	1	
14347	454	1.2	2	
14400	454	0.1	4	
14416	454	0.1	2	
14542	454	0.1	1	
15016	454	9.7	1	
15027	454	45	5	
15073	454	2.1	2	
15086	454	2.1	1	
15087	454	3.7	3	
15121	454	2.7	1	
15138	454	1.8	1	
15141	454	13	1	
15152	454	23	2	
15232	454	3.1	2	
15236	454	3	1	
15237	454	1.8	1	
15260	454	9	4	
15261	454	22	3	
15262	454	25	1	
16006	454	0.1	1	
16010	454	0.1	1	
16011	454	0.4	2	
16034	454	0.1	2	
16037	454	0.1	1	
16038	454	0.1	1	
16039	454	0.1	2	
16042	454	0.4	1	
16043	454	0.1	4	
16087	454	0.6	4	
16097	454	1	3	
16098	454	0.4	2	
16108	454	2.1	2	
16117	454	2.8	2	
16120	454	0.8	1	
16123	454	30	1	
16126	454	0.4	1	
16127	454	0.4	1	
16147	454	6.1	2	
16399	454	0.6	1	
17202	454	7.6	2	
17203	454	9.8	2	
17204	454	8.1	2	
18001	454	20	2	
18002	454	22	2	
18009	454	43	1	
18012	454	42	1	
18013	454	45	1	
18029	454	55	1	
18030	454	59	1	
18064	454	85	1	
18065	454	92	1	
18069	454	31	2	
18075	454	38	2	
18101	454	48	1	
18141	454	19	1	
18159	454	43	1	
18173	454	39	5	
18215	454	34	1	
18228	454	55	1	
18229	454	52	1	
18232	454	58	6	
18246	454	14	4	
18248	454	38	1	
18249	454	27	1	
18258	454	33	1	
18259	454	36	1	
18262	454	28	1	
18263	454	32	1	
18273	454	92	1	
18274	454	22	1	
18288	454	72	1	
18290	454	26	1	
18301	454	16	1	
18360	454	0.6	1	
18363	454	0.4	1	
18364	454	5.3	1	
18375	454	3.4	1	
18452	454	22	1	
18488	454	21	1	
18489	454	20	1	
18927	454	41	1	
18936	454	69	2	
18939	454	22	1	
19003	454	0.1	1	
19008	454	0.6	2	
19015	454	6.9	1	
19034	454	0.8	1	
19035	454	0.4	2	
19047	454	50	2	
19056	454	0.4	1	
19057	454	1.2	1	
19058	454	3	1	
19076	454	1.4	1	
19078	454	2.6	1	
19095	454	1.1	1	
19120	454	2.6	1	
19141	454	0.8	2	
19183	454	0.9	2	
19226	454	2.2	1	
19230	454	2.6	1	
19270	454	0.6	1	
19296	454	1.7	1	
19297	454	0.1	3	
19304	454	1	1	
19334	454	0.3	2	
19404	454	22	1	
19411	454	0.2	1	
19444	454	0.3	1	
20001	454	68	1	
20009	454	2.6	1	
20010	454	0.5	1	
20013	454	83	1	
20015	454	4.6	1	
20020	454	12	1	
20022	454	0.4	2	
20033	454	20	2	
20035	454	630	1	
20037	454	0.5	1	
20038	454	31	1	
20045	454	0.3	2	
20063	454	150	1	
20080	454	73	2	
20081	454	70	2	
20109	454	130	1	
20110	454	19	1	
20120	454	140	2	
20121	454	68	2	
20131	454	66	1	
20138	454	110	1	
20142	454	2.3	1	
20317	454	2	1	
21005	454	7.3	1	
21007	454	11	1	
21009	454	9.1	1	
21011	454	10	1	
21014	454	8.4	1	
21020	454	19	1	
21022	454	10	1	
21024	454	20	1	
21026	454	0.3	1	
21060	454	15	1	
21064	454	12	1	
21078	454	0.7	1	
21080	454	2	1	
21082	454	3.3	1	
21083	454	11	1	
21089	454	16	1	
21098	454	12	1	
21100	454	30	3	
21102	454	29	3	
21106	454	98	2	
21107	454	41	6	
21114	454	46	2	
21138	454	0.5	3	
21202	454	22	3	
21226	454	25	1	
21229	454	16	5	
21230	454	76	1	
21299	454	28	8	
21300	454	27	7	
21301	454	20	3	
21302	454	26	7	
21303	454	28	7	
21304	454	24	4	
21388	454	12	1	
21401	454	17	3	
21409	454	11	1	
21410	454	8.7	1	
21411	454	10	1	
22247	454	43	1	
22902	454	19	1	
22903	454	20	1	
22904	454	0.9	1	
22905	454	1.8	1	
22912	454	24	1	
22916	454	6.1	1	
22927	454	30	1	
22928	454	34	1	
23030	454	12	1	
23031	454	17	1	
23032	454	8.1	1	
23033	454	6.9	1	
23034	454	12	1	
23035	454	14	1	
23036	454	12	1	
23037	454	15	1	
23038	454	16	1	
23039	454	12	1	
23040	454	13	1	
23041	454	15	1	
23042	454	17	1	
23043	454	12	1	
23044	454	12	1	
23045	454	17	1	
23046	454	16	1	
23047	454	13	1	
23048	454	13	1	
23049	454	15	1	
23050	454	11	1	
23051	454	11	1	
23052	454	12	1	
23065	454	13	1	
23557	454	6.9	1	
23558	454	6.6	1	
23562	454	7	1	
23563	454	7.1	1	
23567	454	7.2	1	
23568	454	7.5	1	
23572	454	7.3	1	
23573	454	8	1	
23577	454	7.4	1	
23578	454	8.5	1	
25000	454	0.3	1	
25013	454	39	1	
25014	454	0.3	1	
25017	454	4.3	1	
25020	454	2.2	1	
25021	454	1.7	1	
35009	454	24	1	
35015	454	0.2	1	
35055	454	16	1	
35056	454	9.9	1	
35149	454	9.2	4	
35150	454	5.4	1	
35151	454	4.3	1	
35152	454	2.9	1	
35153	454	5.2	1	
35155	454	0.5	1	
35157	454	3.3	1	
35158	454	8.2	1	
35160	454	29	1	
35161	454	43	1	
35162	454	2.8	1	
35164	454	61	1	
35165	454	88	1	
35166	454	5	1	
35167	454	4.2	1	
35168	454	3.6	1	
35169	454	120	1	
35171	454	11	2	
35179	454	0.5	2	
35180	454	38	1	
35181	454	2.5	1	
35182	454	9.6	1	
35184	454	15	1	
35187	454	32	1	
35188	454	5.2	3	
35190	454	6.8	2	
35193	454	0.4	1	
35196	454	330	1	
42187	454	0.9	1	
42289	454	0	2	
43133	454	5	1	
43261	454	0.7	1	
98001	454	0	1	
98005	454	0.1	1	
98010	454	0.4	1	
98011	454	0.1	2	
98013	454	130	2	
98014	454	2.9	1	
98015	454	1	1	
98019	454	0.1	1	
98020	454	0.1	1	
98021	454	0.2	1	
98022	454	34	1	
98024	454	8.1	1	
98026	454	19	1	
98028	454	0.1	1	
98029	454	0.8	1	
98030	454	0.6	2	
98031	454	6.1	1	
98032	454	1.3	1	
98033	454	0.9	2	
98034	454	0.8	1	
98035	454	0.8	1	
98039	454	26	1	
98041	454	23	1	
98042	454	18	3	
98043	454	29	2	
98047	454	13	1	
98050	454	6.2	1	
98051	454	11	1	
98052	454	13	1	
1125	452	630	4	
1128	452	250	4	
1129	452	210	4	
1199	452	0.9	1	
2003	452	3.2	1	
2009	452	14	1	
2010	452	2.4	1	
2011	452	6.8	1	
2015	452	20	1	
2020	452	7	1	
2021	452	6.2	1	
2024	452	75	1	
2026	452	7.8	1	
2027	452	2.1	1	
2028	452	11	1	
2029	452	72	1	
2030	452	1.2	2	
2033	452	0.6	1	
2043	452	22	1	
2044	452	0.8	1	
2046	452	7.3	1	
3003	452	28	11	
3006	452	37	1	
3011	452	38	7	
3013	452	31	11	
3016	452	28	3	
3054	452	11	3	
3091	452	17	2	
3104	452	2.1	2	
3121	452	25	1	
3130	452	4	2	
3189	452	16	1	
3298	452	20	14	
4025	452	18	2	
4027	452	13	1	
4044	452	0	1	
4053	452	0	1	
4114	452	0.1	1	
4582	452	0	1	
4585	452	4	1	
4613	452	9.5	1	
4629	452	12	1	
4636	452	0.5	1	
4638	452	0	1	
5006	452	41	1	
5009	452	45	1	
5011	452	45	1	
5013	452	54	1	
5027	452	120	4	
5028	452	210	4	
5173	452	24	1	
5174	452	41	1	
5175	452	84	1	
5176	452	140	1	
5177	452	120	1	
5178	452	170	1	
5312	452	48	1	
5313	452	52	2	
5320	452	55	1	
5661	452	210	4	
6019	452	5.9	2	
6030	452	3.5	1	
6159	452	4.3	1	
6164	452	2	1	
6931	452	2.4	2	
7007	452	21	2	
7022	452	24	2	
7024	452	35	4	
7063	452	30	4	
7064	452	43	5	
7075	452	22	1	
7945	452	29	2	
7949	452	29	2	
7950	452	30	3	
7952	452	23	2	
7953	452	34	3	
7954	452	31	1	
7955	452	39	1	
7956	452	41	1	
7957	452	25	1	
7958	452	48	1	
7959	452	27	3	
7960	452	23	1	
8001	452	18	1	
8012	452	5.2	1	
8013	452	11	1	
8014	452	0.9	1	
8020	452	0.5	1	
8030	452	5.2	1	
8061	452	11	1	
8065	452	1	2	
8067	452	12	2	
8074	452	7.1	1	
8077	452	12	1	
8084	452	23	2	
8089	452	18	1	
8092	452	6.2	1	
8093	452	1.2	1	
8105	452	1.2	1	
8121	452	4.5	1	
8147	452	14	1	
8202	452	12	1	
8218	452	11	1	
8231	452	20	1	
8259	452	0.4	1	
8333	452	5.3	1	
8363	452	19	2	
8383	452	6.4	1	
8389	452	19	1	
8435	452	29	1	
8504	452	15	2	
8505	452	0.6	1	
8506	452	0.3	1	
9003	452	3.1	1	
9032	452	6	1	
9038	452	2.2	2	
9040	452	0.4	1	
9042	452	6	1	
9050	452	1.8	1	
9078	452	2.6	1	
9087	452	0.1	2	
9094	452	2.6	2	
9112	452	2.6	2	
9132	452	0.2	2	
9135	452	0.2	1	
9148	452	3.6	2	
9160	452	2.5	1	
9181	452	1.6	1	
9191	452	2.7	1	
9202	452	2.1	2	
9209	452	2.2	2	
9214	452	7	1	
9218	452	3.5	1	
9236	452	3.7	1	
9252	452	2.7	3	
9257	452	0.3	1	
9291	452	2.5	2	
9298	452	0.3	2	
9302	452	7	1	
9316	452	4.2	1	
9326	452	0.2	1	
9370	452	1.8	1	
9421	452	0.8	1	
9429	452	0.1	1	
9430	452	0.8	1	
9433	452	2.1	1	
9434	452	0.1	1	
9435	452	0.1	1	
9436	452	0	1	
9437	452	0	1	
10006	452	14	4	
10007	452	20	4	
10060	452	49	4	
10061	452	62	4	
10066	452	38	4	
10068	452	57	4	
10084	452	55	4	
10085	452	85	4	
10123	452	32	4	
10219	452	45	4	
10220	452	59	4	
10860	452	82	4	
10861	452	89	4	
10862	452	87	4	
10864	452	5.4	1	
10865	452	65	1	
10867	452	71	2	
10868	452	70	4	
10869	452	73	2	
10870	452	50	2	
10871	452	49	2	
10872	452	50	2	
10873	452	81	2	
10874	452	84	2	
10875	452	100	1	
10876	452	67	1	
10877	452	74	2	
10878	452	61	4	
10879	452	57	4	
10880	452	55	4	
10881	452	83	2	
10882	452	62	4	
10883	452	61	3	
10884	452	55	4	
10894	452	27	1	
10895	452	23	1	
10898	452	34	1	
10899	452	89	3	
10931	452	84	3	
10932	452	72	3	
10933	452	83	3	
10934	452	72	3	
10938	452	73	3	
11001	452	1	1	
11008	452	16	1	
11011	452	0.9	1	
11012	452	15	1	
11061	452	7.3	1	
11080	452	0.4	1	
11084	452	5.4	2	
11090	452	0.1	2	
11091	452	21	1	
11096	452	0.2	2	
11097	452	14	5	
11099	452	14	1	
11109	452	0.3	1	
11110	452	7.2	1	
11112	452	1.5	1	
11113	452	7.9	1	
11124	452	0.8	1	
11125	452	6.8	1	
11136	452	12	1	
11143	452	0.2	2	
11179	452	11	1	
11205	452	0.6	1	
11206	452	0.9	1	
11211	452	43	1	
11212	452	46	1	
11234	452	0.3	1	
11250	452	0.2	2	
11251	452	0.7	3	
11252	452	0.4	2	
11257	452	0.5	1	
11260	452	4.5	1	
11282	452	0.5	1	
11286	452	1.9	1	
11294	452	0.5	2	
11313	452	24	1	
11333	452	0.7	1	
11339	452	2.8	1	
11353	452	0.1	1	
11354	452	0.3	2	
11355	452	0.2	3	
11356	452	4.6	3	
11357	452	4.1	2	
11358	452	5.3	2	
11402	452	5.1	2	
11403	452	6.4	3	
11429	452	0.6	2	
11439	452	0.6	2	
11463	452	18	3	
11464	452	22	2	
11478	452	5.7	1	
11508	452	7.7	2	
11529	452	0.5	2	
11546	452	6.2	1	
11549	452	1	1	
11644	452	5.3	1	
11657	452	3.9	1	
11821	452	0	1	
11921	452	2.9	1	
11935	452	1.8	2	
11937	452	1.2	1	
11940	452	0.7	1	
11960	452	1.5	1	
12036	452	29	2	
12061	452	40	5	
12078	452	11	2	
12109	452	4	1	
12118	452	2.2	1	
12120	452	25	5	
12142	452	23	5	
12147	452	45	5	
12154	452	16	1	
12155	452	21	5	
12201	452	10	1	
12220	452	36	1	
12516	452	20	1	
12586	452	37	5	
12632	452	30	5	
12652	452	51	8	
12663	452	18	1	
13325	452	170	4	
13326	452	250	4	
13327	452	250	4	
13497	452	65	1	
13498	452	36	1	
14003	452	0	2	
14006	452	0	2	
14096	452	0	1	
14106	452	0	2	
14150	452	0	1	
14209	452	0	3	
14218	452	0	1	
14242	452	0	1	
14287	452	0	1	
14292	452	0.9	1	
14347	452	4.4	2	
14400	452	0	4	
14416	452	0	2	
14542	452	1	1	
15016	452	33	1	
15027	452	13	5	
15073	452	13	2	
15086	452	48	1	
15087	452	44	3	
15121	452	18	1	
15138	452	11	1	
15141	452	26	1	
15152	452	67	2	
15232	452	17	2	
15236	452	22	1	
15237	452	37	1	
15260	452	52	4	
15261	452	30	3	
15262	452	54	1	
16006	452	12	1	
16010	452	9.2	1	
16011	452	12	2	
16034	452	13	2	
16037	452	33	1	
16038	452	22	1	
16039	452	12	2	
16042	452	31	1	
16043	452	22	4	
16087	452	32	4	
16097	452	33	3	
16098	452	38	2	
16108	452	65	2	
16117	452	63	2	
16120	452	5.7	1	
16123	452	0	1	
16126	452	19	1	
16127	452	17	1	
16147	452	4.6	2	
16399	452	53	1	
17202	452	130	2	
17203	452	220	2	
17204	452	220	2	
18001	452	5.5	2	
18002	452	5.6	2	
18009	452	0.2	1	
18012	452	0.4	1	
18013	452	0.6	1	
18029	452	4.1	1	
18030	452	5.1	1	
18064	452	3.1	1	
18065	452	4	1	
18069	452	2.3	2	
18075	452	3.3	2	
18101	452	59	1	
18141	452	29	1	
18159	452	6.2	1	
18173	452	5.2	5	
18215	452	11	1	
18228	452	0.7	1	
18229	452	1.7	1	
18232	452	3.5	6	
18246	452	9.6	4	
18248	452	28	1	
18249	452	20	1	
18258	452	2.7	1	
18259	452	2.5	1	
18262	452	3	1	
18263	452	2.6	1	
18273	452	24	1	
18274	452	41	1	
18288	452	9.8	1	
18290	452	11	1	
18301	452	1.5	1	
18360	452	16	1	
18363	452	6.5	1	
18364	452	1.7	1	
18375	452	6.2	1	
18452	452	4.4	1	
18488	452	2.1	1	
18489	452	2.7	1	
18927	452	4.4	1	
18936	452	9.9	2	
18939	452	2.3	1	
19003	452	9.5	1	
19008	452	0.9	2	
19015	452	14	1	
19034	452	12	1	
19035	452	7.9	2	
19047	452	3.6	2	
19056	452	13	1	
19057	452	12	1	
19058	452	9.5	1	
19076	452	4.3	1	
19078	452	11	1	
19095	452	3.6	1	
19120	452	11	1	
19141	452	5.7	2	
19183	452	0.7	2	
19226	452	1.3	1	
19230	452	1.5	1	
19270	452	3.8	1	
19296	452	0.1	1	
19297	452	0.4	3	
19304	452	0.7	1	
19334	452	0	2	
19404	452	7.4	1	
19411	452	7.5	1	
19444	452	14	1	
20001	452	25	1	
20009	452	21	1	
20010	452	7.6	1	
20013	452	2.7	1	
20015	452	2.2	1	
20020	452	6.5	1	
20022	452	2.5	2	
20033	452	18	2	
20035	452	17	1	
20037	452	3.4	1	
20038	452	18	1	
20045	452	0.4	2	
20063	452	14	1	
20080	452	13	2	
20081	452	3.2	2	
20109	452	26	1	
20110	452	16	1	
20120	452	4	2	
20121	452	2.2	2	
20131	452	30	1	
20138	452	16	1	
20142	452	4	1	
20317	452	1.4	1	
21005	452	87	1	
21007	452	110	1	
21009	452	18	1	
21011	452	80	1	
21014	452	72	1	
21020	452	19	1	
21022	452	92	1	
21024	452	5.1	1	
21026	452	8.2	1	
21060	452	9.5	1	
21064	452	9.8	1	
21078	452	9.3	1	
21080	452	17	1	
21082	452	17	1	
21083	452	12	1	
21089	452	19	1	
21098	452	19	1	
21100	452	23	3	
21102	452	21	3	
21106	452	12	2	
21107	452	20	6	
21114	452	21	2	
21138	452	6.2	3	
21202	452	22	3	
21226	452	9.6	1	
21229	452	29	5	
21230	452	18	1	
21299	452	5.2	8	
21300	452	5.1	7	
21301	452	5.1	3	
21302	452	10	7	
21303	452	9.3	7	
21304	452	9.4	4	
21388	452	19	1	
21401	452	34	3	
21409	452	87	1	
21410	452	72	1	
21411	452	71	1	
22247	452	1.1	1	
22902	452	11	1	
22903	452	10	1	
22904	452	12	1	
22905	452	9.8	1	
22912	452	4.4	1	
22916	452	8.6	1	
22927	452	12	1	
22928	452	12	1	
23030	452	72	1	
23031	452	87	1	
23032	452	76	1	
23033	452	82	1	
23034	452	59	1	
23035	452	84	1	
23036	452	65	1	
23037	452	71	1	
23038	452	77	1	
23039	452	72	1	
23040	452	86	1	
23041	452	68	1	
23042	452	83	1	
23043	452	86	1	
23044	452	94	1	
23045	452	65	1	
23046	452	87	1	
23047	452	71	1	
23048	452	87	1	
23049	452	70	1	
23050	452	77	1	
23051	452	77	1	
23052	452	72	1	
23065	452	91	1	
23557	452	59	1	
23558	452	72	1	
23562	452	54	1	
23563	452	71	1	
23567	452	50	1	
23568	452	69	1	
23572	452	45	1	
23573	452	68	1	
23577	452	41	1	
23578	452	66	1	
25000	452	4.9	1	
25013	452	8.5	1	
25014	452	5.4	1	
25017	452	7.1	1	
25020	452	18	1	
25021	452	21	1	
35009	452	17	1	
35015	452	3.2	1	
35055	452	33	1	
35056	452	30	1	
35149	452	13	4	
35150	452	22	1	
35151	452	24	1	
35152	452	23	1	
35153	452	23	1	
35155	452	6.9	1	
35157	452	35	1	
35158	452	220	1	
35160	452	120	1	
35161	452	130	1	
35162	452	67	1	
35164	452	28	1	
35165	452	80	1	
35166	452	39	1	
35167	452	39	1	
35168	452	40	1	
35169	452	15	1	
35171	452	45	2	
35179	452	4	2	
35180	452	46	1	
35181	452	38	1	
35182	452	26	1	
35184	452	96	1	
35187	452	5	1	
35188	452	30	3	
35190	452	35	2	
35193	452	2.8	1	
35196	452	4.5	1	
42187	452	4.8	1	
42289	452	0	2	
43133	452	2.2	1	
43261	452	1.9	1	
98001	452	7.4	1	
98005	452	0.4	1	
98010	452	15	1	
98011	452	1.8	2	
98013	452	24	2	
98014	452	2.5	1	
98015	452	0	1	
98019	452	11	1	
98020	452	11	1	
98021	452	70	1	
98022	452	81	1	
98024	452	9.4	1	
98026	452	2.2	1	
98028	452	0	1	
98029	452	0	1	
98030	452	3.3	2	
98031	452	6.3	1	
98032	452	7.5	1	
98033	452	13	2	
98034	452	3.7	1	
98035	452	1.2	1	
98039	452	4.2	1	
98041	452	32	1	
98042	452	28	3	
98043	452	28	2	
98047	452	74	1	
98050	452	22	1	
98051	452	24	1	
98052	452	50	1	
98055	452	19	1	
98056	452	24	1	
98058	452	9.2	1	
98059	452	12	1	
98060	452	11	1	
98061	452	15	1	
98062	452	18	1	
98063	452	3.4	1	
98064	452	2.7	1	
98069	452	12	1	
98070	452	3.3	1	
98071	452	3	1	
98080	452	120	1	
98082	452	20	3	
98083	452	10	1	
98084	452	44	2	
98085	452	46	6	
98086	452	62	7	
98087	452	25	7	
98088	452	46	6	
98089	452	49	2	
98092	452	10	1	
98094	452	19	4	
98095	452	28	4	
98096	452	55	13	
98097	452	54	11	
98099	452	21	1	
98100	452	120	2	
98101	452	45	1	
98102	452	1.1	1	
98103	452	5.4	1	
98104	452	0.2	1	
98105	452	0.3	2	
98106	452	4.4	1	
98107	452	3.8	1	
98108	452	5.4	1	
98110	452	47	4	
98111	452	60	4	
98112	452	52	4	
98114	452	0.4	1	
98116	452	20	2	
98119	452	9.2	1	
98121	452	37	1	
1001	454	0.35	1	
1009	454	0.7	1	
1012	454	0.7	1	
1014	454	0.9	1	
1015	454	0.6	1	
1017	454	0.7	1	
1029	454	0.7	1	
1040	454	0.6	1	
1046	454	1.4	1	
1049	454	0.7	1	
1056	454	0.6	2	
1069	454	0.1	3	
1077	454	0.6	1	
1079	454	0.9	2	
1082	454	0.6	1	
1085	454	1.9	1	
1103	454	0.7	1	
1117	454	0.9	2	
1121	454	0.8	2	
1123	454	0.6	15	
1124	454	0.3	4	
1125	454	0.9	4	
1128	454	0.7	4	
1129	454	0.6	4	
1199	454	0.7	1	
2003	454	16	1	
2009	454	2.8	1	
2010	454	3.9	1	
2011	454	1.4	1	
2015	454	29	1	
2020	454	6.1	1	
2021	454	3.4	1	
2024	454	1.9	1	
2026	454	0.4	1	
2027	454	9.8	1	
2028	454	7.1	1	
2029	454	1.8	1	
2030	454	8.9	2	
2033	454	0.9	1	
2043	454	9.7	1	
2044	454	0.4	1	
2046	454	0.2	1	
3003	454	3.1	11	
3006	454	6.9	1	
3011	454	6.6	7	
3013	454	12	11	
3016	454	4.7	3	
3054	454	1.1	3	
3091	454	0.1	2	
3104	454	0.3	2	
3121	454	0.5	1	
3130	454	0.4	2	
3189	454	21	1	
3298	454	2.3	14	
4025	454	0	2	
4027	454	0.4	1	
4044	454	0	1	
4053	454	0.1	1	
4114	454	0	1	
4582	454	0	1	
4585	454	0.1	1	
4613	454	0	1	
4629	454	0	1	
4636	454	1.8	1	
4638	454	0.3	1	
5006	454	7.8	1	
5009	454	5.6	1	
5011	454	8.5	1	
5013	454	5.7	1	
5027	454	17	4	
5028	454	13	4	
5173	454	2	1	
5174	454	1.8	1	
5175	454	3.3	1	
5176	454	3.1	1	
98055	454	44	1	
98056	454	18	1	
98058	454	15	1	
98059	454	15	1	
98060	454	18	1	
98061	454	19	1	
98062	454	19	1	
98063	454	1.1	1	
98064	454	41	1	
98069	454	1.7	1	
98070	454	12	1	
98071	454	19	1	
98080	454	13	1	
98082	454	2.5	3	
98083	454	0.1	1	
98084	454	6.6	2	
98085	454	6.4	6	
98086	454	12	7	
98087	454	6.1	7	
98088	454	8.4	6	
98089	454	5.7	2	
98092	454	0.4	1	
98094	454	1.7	4	
98095	454	2	4	
98096	454	7.8	13	
98097	454	7.6	11	
98099	454	44	1	
98100	454	16	2	
98101	454	4.3	1	
98102	454	1.1	1	
98103	454	21	1	
98104	454	0.3	1	
98105	454	0.1	2	
98106	454	0.5	1	
98107	454	0.2	1	
98108	454	2.9	1	
98110	454	8	4	
98111	454	11	4	
98112	454	11	4	
98114	454	0.3	1	
98116	454	36	2	
98119	454	22	1	
98121	454	1.1	1	
1001	455	5.4	1	
1009	455	4.6	1	
1012	455	2.5	1	
1014	455	1.8	1	
1015	455	2	1	
1017	455	5.6	1	
1029	455	3	1	
1040	455	4.2	1	
1046	455	4.6	1	
1049	455	2.1	1	
1056	455	2.7	2	
1069	455	0.3	3	
1077	455	0.7	1	
1079	455	0.9	2	
1082	455	0.7	1	
1085	455	0.7	1	
1103	455	0.8	1	
1117	455	1.1	2	
1121	455	1.1	2	
1123	455	11	15	
1124	455	0	4	
1125	455	45	4	
1128	455	17	4	
1129	455	14	4	
1199	455	1	1	
2003	455	0.4	1	
2009	455	0	1	
2010	455	0	1	
2011	455	0	1	
2015	455	0	1	
2020	455	0	1	
2021	455	0	1	
2024	455	0	1	
2026	455	0	1	
2027	455	0.2	1	
2028	455	0	1	
2029	455	0	1	
2030	455	0	2	
2033	455	0	1	
2043	455	0	1	
2044	455	0	1	
2046	455	0	1	
3003	455	5.6	11	
3006	455	7.5	1	
3011	455	9.3	7	
3013	455	5.8	11	
3016	455	6.8	3	
3054	455	1	3	
3091	455	0.4	2	
3104	455	0.2	2	
3121	455	0.4	1	
3130	455	0.6	2	
3189	455	0	1	
3298	455	1.7	14	
4025	455	0.9	2	
4027	455	0.6	1	
4044	455	0	1	
4053	455	0	1	
4114	455	0.1	1	
4582	455	0	1	
4585	455	0	1	
4613	455	0	1	
4629	455	0	1	
4636	455	0.4	1	
4638	455	0	1	
5006	455	8.5	1	
5009	455	12	1	
5011	455	11	1	
5013	455	15	1	
5027	455	4.7	4	
5028	455	15	4	
5173	455	19	1	
5174	455	25	1	
5175	455	14	1	
5176	455	22	1	
5177	455	16	1	
5178	455	26	1	
5312	455	14	1	
5313	455	14	2	
5320	455	15	1	
5661	455	32	4	
6019	455	0.8	2	
6030	455	0.2	1	
6159	455	0.4	1	
6164	455	0.1	1	
6931	455	0	2	
7007	455	4.3	2	
7022	455	3.2	2	
7024	455	7.3	4	
7063	455	6.2	4	
7064	455	6.9	5	
7075	455	4.7	1	
7945	455	3.3	2	
7949	455	5.5	2	
7950	455	4.9	3	
7952	455	4.4	2	
7953	455	6.9	3	
7954	455	6	1	
7955	455	6.8	1	
7956	455	6.2	1	
7957	455	5.1	1	
7958	455	10	1	
7959	455	5.2	3	
7960	455	4.1	1	
8001	455	0	1	
8012	455	0	1	
8013	455	0	1	
8014	455	0	1	
8020	455	0	1	
8030	455	0	1	
8061	455	0	1	
8065	455	0	2	
8067	455	2.1	2	
8074	455	0	1	
8077	455	0	1	
8084	455	2.7	2	
8089	455	0	1	
8092	455	2.4	1	
8093	455	0	1	
8105	455	0	1	
8121	455	0	1	
8147	455	0	1	
8202	455	5.1	1	
8218	455	0	1	
8231	455	0	1	
8259	455	0	1	
8333	455	0	1	
8363	455	0.9	2	
8383	455	5.5	1	
8389	455	0	1	
8435	455	0	1	
8504	455	3	2	
8505	455	2.9	1	
8506	455	0	1	
9003	455	0	1	
9032	455	0	1	
9038	455	0.1	2	
9040	455	0	1	
9042	455	0	1	
9050	455	0	1	
9078	455	0	1	
9087	455	0	2	
9094	455	0	2	
9112	455	0	2	
9132	455	0	2	
9135	455	0	1	
9148	455	0	2	
9160	455	0	1	
9181	455	0	1	
9191	455	0	1	
9202	455	0	2	
9209	455	0	2	
9214	455	0	1	
9218	455	0	1	
9236	455	0	1	
9252	455	0	3	
9257	455	0	1	
9291	455	0	2	
9298	455	0	2	
9302	455	0	1	
9316	455	0	1	
9326	455	0.1	1	
9370	455	0.2	1	
9421	455	0.2	1	
9429	455	0	1	
9430	455	0	1	
9433	455	0.2	1	
9434	455	0	1	
9435	455	0	1	
9436	455	0	1	
9437	455	0	1	
10006	455	3.6	4	
10007	455	5.2	4	
10060	455	6.1	4	
10061	455	7.6	4	
10066	455	5.3	4	
10068	455	7.5	4	
10084	455	6	4	
10085	455	9	4	
10123	455	3.9	4	
10219	455	5.9	4	
10220	455	8.2	4	
10860	455	9.3	4	
10861	455	11	4	
10862	455	10	4	
10864	455	1	1	
10865	455	5.9	1	
10867	455	8.3	2	
10868	455	8.1	4	
10869	455	7.7	2	
10870	455	4.5	2	
10871	455	4.4	2	
10872	455	4.7	2	
10873	455	13	2	
10874	455	9.6	2	
10875	455	13	1	
10876	455	6.5	1	
10877	455	8.3	2	
10878	455	5.5	4	
10879	455	5.9	4	
10880	455	5.2	4	
10881	455	10	2	
10882	455	6.3	4	
10883	455	6.7	3	
10884	455	5.5	4	
10894	455	3.6	1	
10895	455	2.8	1	
10898	455	18	1	
10899	455	12	3	
10931	455	10	3	
10932	455	9.2	3	
10933	455	12	3	
10934	455	8.5	3	
10938	455	10	3	
11001	455	0	1	
11008	455	0	1	
11011	455	0	1	
11012	455	0	1	
11061	455	0	1	
11080	455	0	1	
11084	455	0	2	
11090	455	0.1	2	
11091	455	0	1	
11096	455	0.1	2	
11097	455	0	5	
11099	455	0	1	
11109	455	0	1	
11110	455	0	1	
11112	455	0	1	
11113	455	0	1	
11124	455	0	1	
11125	455	0	1	
11136	455	0	1	
11143	455	0	2	
11179	455	0	1	
11205	455	0	1	
11206	455	0	1	
11211	455	0	1	
11212	455	0	1	
11234	455	0	1	
11250	455	0	2	
11251	455	0	3	
11252	455	0	2	
11257	455	0	1	
11260	455	0	1	
11282	455	0	1	
11286	455	0	1	
11294	455	0	2	
11313	455	0	1	
11333	455	0	1	
11339	455	0	1	
11353	455	0	1	
11354	455	0	2	
11355	455	0	3	
11356	455	0	3	
11357	455	0	2	
11358	455	0	2	
11402	455	0	2	
11403	455	0	3	
11429	455	0	2	
11439	455	0.2	2	
11463	455	0	3	
11464	455	0	2	
11478	455	0	1	
11508	455	0	2	
11529	455	0	2	
11546	455	0.1	1	
11549	455	0	1	
11644	455	0	1	
11657	455	0	1	
11821	455	0	1	
11921	455	0	1	
11935	455	0.1	2	
11937	455	0.3	1	
11940	455	0.2	1	
11960	455	0	1	
12036	455	0.7	2	
12061	455	0	5	
12078	455	0	2	
12109	455	0	1	
12118	455	0.1	1	
12120	455	0	5	
12142	455	0	5	
12147	455	0	5	
12154	455	0	1	
12155	455	0	5	
12201	455	0	1	
12220	455	0	1	
12516	455	0.7	1	
12586	455	0	5	
12632	455	0	5	
12652	455	0	8	
12663	455	0.4	1	
13325	455	14	4	
13326	455	24	4	
13327	455	24	4	
13497	455	8.3	1	
13498	455	5.1	1	
14003	455	0	2	
14006	455	0	2	
14096	455	0	1	
14106	455	0	2	
14150	455	0	1	
14209	455	0	3	
14218	455	0	1	
14242	455	0	1	
14287	455	0	1	
14292	455	0	1	
14347	455	2.6	2	
14400	455	0	4	
14416	455	0	2	
14542	455	0	1	
15016	455	1.4	1	
15027	455	1.7	5	
15073	455	1.8	2	
15086	455	1.8	1	
15087	455	2.1	3	
15121	455	2.9	1	
15138	455	0.3	1	
15141	455	4.4	1	
15152	455	6.6	2	
15232	455	2.4	2	
15236	455	3	1	
15237	455	3.4	1	
15260	455	2.5	4	
15261	455	2.7	3	
15262	455	4.1	1	
16006	455	0	1	
16010	455	0	1	
16011	455	0	2	
16034	455	0	2	
16037	455	0	1	
16038	455	0	1	
16039	455	0	2	
16042	455	0	1	
16043	455	0	4	
16087	455	0	4	
16097	455	0	3	
16098	455	0	2	
16108	455	0	2	
16117	455	0.8	2	
16120	455	0	1	
16123	455	0	1	
16126	455	0	1	
16127	455	0	1	
16147	455	0.5	2	
16399	455	0	1	
17202	455	17	2	
17203	455	28	2	
17204	455	27	2	
18001	455	0	2	
18002	455	0	2	
18009	455	0	1	
18012	455	1	1	
18013	455	0.9	1	
18029	455	0	1	
18030	455	0	1	
18064	455	0	1	
18065	455	0	1	
18069	455	0	2	
18075	455	0	2	
18101	455	2.9	1	
18141	455	1.5	1	
18159	455	0	1	
18173	455	0	5	
18215	455	0	1	
18228	455	0	1	
18229	455	0	1	
18232	455	1.1	6	
18246	455	0.7	4	
18248	455	1.1	1	
18249	455	0.8	1	
18258	455	0	1	
18259	455	0	1	
18262	455	0	1	
18263	455	0	1	
18273	455	1.4	1	
18274	455	2.2	1	
18288	455	1.3	1	
18290	455	0.9	1	
18301	455	0	1	
18360	455	0	1	
18363	455	0	1	
18364	455	0	1	
18375	455	1.2	1	
18452	455	0.3	1	
18488	455	0	1	
18489	455	0	1	
18927	455	0	1	
18936	455	1.3	2	
18939	455	0	1	
19003	455	0	1	
19008	455	0.4	2	
19015	455	0	1	
19034	455	0	1	
19035	455	0	2	
19047	455	0	2	
19056	455	0	1	
19057	455	0.7	1	
19058	455	0.4	1	
19076	455	0.3	1	
19078	455	0	1	
19095	455	2.6	1	
19120	455	1.9	1	
19141	455	1.1	2	
19183	455	0	2	
19226	455	0	1	
19230	455	0	1	
19270	455	2	1	
19296	455	0	1	
19297	455	0	3	
19304	455	0	1	
19334	455	0	2	
19404	455	0	1	
19411	455	0	1	
19444	455	0.2	1	
20001	455	0.7	1	
20009	455	0.4	1	
20010	455	0	1	
20013	455	0	1	
20015	455	0.2	1	
20020	455	1.9	1	
20022	455	0.5	2	
20033	455	3	2	
20035	455	0.7	1	
20037	455	0	1	
20038	455	2.5	1	
20045	455	0	2	
20063	455	1.6	1	
20080	455	2.9	2	
20081	455	0	2	
20109	455	0	1	
20110	455	0	1	
20120	455	0	2	
20121	455	0	2	
20131	455	0	1	
20138	455	1.8	1	
20142	455	0.2	1	
20317	455	0.7	1	
21005	455	5.3	1	
21007	455	6.1	1	
21009	455	2	1	
21011	455	4.2	1	
21014	455	4.6	1	
21020	455	2.6	1	
21022	455	4.9	1	
21024	455	0.2	1	
21026	455	0.2	1	
21060	455	0	1	
21064	455	0.8	1	
21078	455	0.8	1	
21080	455	1.5	1	
21082	455	2	1	
21083	455	1.3	1	
21089	455	3.3	1	
21098	455	2.9	1	
21100	455	3.6	3	
21102	455	3.2	3	
21106	455	1.2	2	
21107	455	2.6	6	
21114	455	3.1	2	
21138	455	0	3	
21202	455	3	3	
21226	455	1.3	1	
21229	455	5.3	5	
21230	455	2.6	1	
21299	455	2.3	8	
21300	455	2.4	7	
21301	455	1.5	3	
21302	455	2.7	7	
21303	455	2.7	7	
21304	455	1.3	4	
21388	455	0.9	1	
21401	455	4.9	3	
21409	455	4.7	1	
21410	455	4.4	1	
21411	455	4.7	1	
22247	455	0	1	
22902	455	1.3	1	
22903	455	1.8	1	
22904	455	1.5	1	
22905	455	1.1	1	
22912	455	0.7	1	
22916	455	1.2	1	
22927	455	0	1	
22928	455	0.2	1	
23030	455	7.7	1	
23031	455	11	1	
23032	455	7.9	1	
23033	455	14	1	
23034	455	7.2	1	
23035	455	11	1	
23036	455	8.5	1	
23037	455	7.1	1	
23038	455	11	1	
23039	455	7	1	
23040	455	11	1	
23041	455	6.2	1	
23042	455	12	1	
23043	455	7.4	1	
23044	455	11	1	
23045	455	7.5	1	
23046	455	11	1	
23047	455	8.1	1	
23048	455	12	1	
23049	455	7.2	1	
23050	455	12	1	
23051	455	7	1	
23052	455	12	1	
23065	455	12	1	
23557	455	6.3	1	
23558	455	7.6	1	
23562	455	6.1	1	
23563	455	7.7	1	
23567	455	5.8	1	
23568	455	7.9	1	
23572	455	5.6	1	
23573	455	8	1	
23577	455	5.4	1	
23578	455	8.2	1	
25000	455	0	1	
25013	455	0	1	
25014	455	0	1	
25017	455	0.8	1	
25020	455	0.9	1	
25021	455	2.7	1	
35009	455	20	1	
35015	455	0.1	1	
35055	455	20	1	
35056	455	8.1	1	
35149	455	4.1	4	
35150	455	1.3	1	
35151	455	1.4	1	
35152	455	1.5	1	
35153	455	1.8	1	
35155	455	0	1	
35157	455	8.7	1	
35158	455	13	1	
35160	455	27	1	
35161	455	32	1	
35162	455	11	1	
35164	455	12	1	
35165	455	32	1	
35166	455	12	1	
35167	455	11	1	
35168	455	14	1	
35169	455	7.4	1	
35171	455	15	2	
35179	455	0	2	
35180	455	4.2	1	
35181	455	2.2	1	
35182	455	5.6	1	
35184	455	25	1	
35187	455	2	1	
35188	455	4.4	3	
35190	455	11	2	
35193	455	0.1	1	
35196	455	0	1	
42187	455	1.8	1	
42289	455	0	2	
43133	455	0	1	
43261	455	1.4	1	
98001	455	0.4	1	
98005	455	0	1	
98010	455	0	1	
98011	455	0	2	
98013	455	0	2	
98014	455	0	1	
98015	455	0	1	
98019	455	0	1	
98020	455	0	1	
98021	455	0	1	
98022	455	7.9	1	
98024	455	1	1	
98026	455	0	1	
98028	455	0	1	
98029	455	0	1	
98030	455	2.7	2	
98031	455	0.7	1	
98032	455	1.3	1	
98033	455	0.7	2	
98034	455	1.2	1	
98035	455	1.3	1	
98039	455	0.9	1	
98041	455	4.9	1	
98042	455	5.2	3	
98043	455	5	2	
98047	455	4.1	1	
98050	455	1.8	1	
98051	455	3	1	
98052	455	2.8	1	
98055	455	2.5	1	
98056	455	3.6	1	
98058	455	0.9	1	
98059	455	1.1	1	
98060	455	1.5	1	
98061	455	2	1	
98062	455	2.4	1	
98063	455	2.6	1	
98064	455	1.2	1	
98069	455	1.6	1	
98070	455	1	1	
98071	455	1.4	1	
98080	455	5.6	1	
98082	455	7	3	
98083	455	0	1	
98084	455	11	2	
98085	455	8.9	6	
98086	455	12	7	
98087	455	13	7	
98088	455	9.7	6	
98089	455	11	2	
98092	455	15	1	
98094	455	5.5	4	
98095	455	8.5	4	
98096	455	6.7	13	
98097	455	6.3	11	
98099	455	2.1	1	
98100	455	17	2	
98101	455	18	1	
98102	455	0	1	
98103	455	0	1	
98104	455	0	1	
98105	455	0	2	
98106	455	0	1	
98107	455	0	1	
98108	455	0	1	
98110	455	6	4	
98111	455	9	4	
98112	455	7.4	4	
98114	455	0.2	1	
98116	455	4.3	2	
98119	455	3.8	1	
98121	455	1.8	1	
1001	421	19	1	B
1009	421	17	1	B
1012	421	18	1	B
1014	421	18	1	B
1015	421	16	1	B
1017	421	27	1	B
1029	421	14	1	B
1040	421	16	1	B
1046	421	36	1	B
1049	421	19	1	B
1056	421	19	2	B
