NDB_No	Nutr_No	Isfl_Val (mg Per 100g)	SD	n	Min	Max	CC	DataSrc_ID
1056	710	0		1	0	0	D	31
1056	711	0		1	0	0	D	31
1056	713	0		1	0	0	D	31
1077	710	0		1	0	0	C	31
1077	711	0	0	149	0	0	B	31,43
1077	713	0		1	0	0	C	31
1079	710	0		1	0	0	C	89
1079	711	0		1	0	0	C	89
1079	712	0		1	0	0	C	89
1079	713	0		1	0	0	C	89
1079	715	0.0001		1	0.0001	0.0001		89
1079	716	0		1	0	0		89
1116	710	0		1	0	0	D	31
1116	711	0		1	0	0	D	31
1116	713	0		1	0	0	D	31
1123	710	0.02		2	0	0.03	C	31, 76a
1123	711	0.02		1	0.01	0.02	C	31, 76a
1123	713	0.05		1	0.05	0.05	D	31
1123	714	0.05		1	0.05	0.05		31
1123	715	0.05		1	0.05	0.05		31
1123	716	0		1	0	0		31
2019	710	0.01	0	3	0.01	0.01	C	57
2019	711	0.01	0	3	0.01	0.01	C	57
2019	713	0.02	0	3	0.02	0.02	C	57
2019	714	0.01		1	0.01	0.01		57
2019	715	0.01		1	0.01	0.01		57
2019	716	0		1	0	0		57
2046	710	0		1	0	0	D	31
2046	711	0		1	0	0	D	31
2046	713	0		1	0	0	D	31
3841	710	0.73	0.408509486	11	0.39	1.91	A	37,86
3841	711	1.367272727	0.370056507	11	0.86	2.26	A	37,86
3841	712	0.117	0.015670212	10	0.09	0.14	A	37,
3841	713	2.205454545	0.736116345	11	1.34	4.17	A	37,86
3843	710	6.033	0	6	6.033	6.033	B	69,70
3843	711	12.233	0.505964426	6	11.433	13.033	B	69,70
3843	712	2.7335	0.02118726	6	2.7	2.767	B	69,70
3843	713	25.81790909	2.850546476	11	20.166	31.6	A	69,70,85
3890	710	0.75	0	4	0.75	0.75	B	69
3890	711	1.6	0	4	1.6	1.6	B	69
3890	712	0.275	0	4	0.275	0.275	B	69
3890	713	2.625	0	4	2.625	2.625	B	69
3891	710	0.9764	0.164413138	5	0.794	1.25	B	70,75
3891	711	2.6922	0.455381126	5	2.187	3.45	B	70,75
3891	712	0.35	0	2	0.35	0.35	B	70
3891	713	3.8086	0.745988559	5	2.981	5.05	B	70,75
3893	710	5.7	0	2	5.7	5.7	B	70
3893	711	13.55	0	2	13.55	13.55	B	70
3893	712	2.05	0	2	2.05	2.05	B	70
3893	713	28.01428571	2.952250381	7	21.3	30.7	B	70,85
3931	710	7.225	0.061237244	4	7.15	7.3	B	69,70
3931	711	14.75	0.204124145	4	14.5	15	B	69,70
3931	712	3	0.040824829	4	2.95	3.05	B	69,70
3931	713	25	0.081649658	4	24.9	25.1	B	69,70
4044	710	0	0	3	0	0	B	66
4044	711	0	0	3	0	0	B	66
4044	712	0	0	3	0	0	B	66
4044	713	0	0	3	0	0	B	66
5323	710	0.25	0.070710678	2	0.2	0.3	C	91
5323	711	0.3	0	2	0.3	0.3	C	91
5323	712	0	0	2	0	0	C	91
5323	713	0.55	0.070710678	2	0.5	0.6	C	91
5327	710	0.2	0.141421356	2	0.1	0.3	C	91
5327	711	0.25	0.070710678	2	0.2	0.3	C	91
5327	712	0	0	2	0	0	C	91
5327	713	0.55	0.212132034	2	0.4	0.7	C	91
6016	710	0		1	0	0	C	91
6016	711	0.1		1	0.1	0.1	C	91
6016	712	0		1	0	0	C	91
6016	713	0.1		1	0.1	0.1	C	91
6019	710	0		1	0	0	C	91
6019	711	0		1	0	0	C	91
6019	712	0		1	0	0	C	91
6019	713	0		1	0	0	C	91
6043	710	0		1	0	0	C	91
6043	711	0		1	0	0	C	91
6043	712	0		1	0	0	C	91
6043	713	0		1	0	0	C	91
6065	710	0		1	0	0	C	91
6065	711	0		1	0	0	C	91
6065	712	0		1	0	0	C	91
6065	713	0		1	0	0	C	91
6071	710	0	0	2	0	0	C	91
6071	711	0	0	2	0	0	C	91
6071	712	0	0	2	0	0	C	91
6071	713	0	0	2	0	0	C	91
6075	710	0	0	2	0	0	C	91
6075	711	0	0	2	0	0	C	91
6075	712	0	0	2	0	0	C	91
6075	713	0.1	0	2	0.1	0.1	C	91
6118	710	0	0	2	0	0	C	91
6118	711	0	0	2	0	0	C	91
6118	712	0	0	2	0	0	C	91
6118	713	0	0	2	0	0	C	91
6119	710	0		1	0	0	C	91
6119	711	0		1	0	0	C	91
6119	712	0		1	0	0	C	91
6119	713	0		1	0	0	C	91
6121	710	0		1	0	0	C	91
6121	711	0		1	0	0	C	91
6121	712	0		1	0	0	C	91
6121	713	0		1	0	0	C	91
6122	710	0	0	3	0	0	C	91
6122	711	0	0	3	0	0	C	91
6122	712	0	0	3	0	0	C	91
6122	713	0	0	3	0	0	C	91
6125	710	0.15	0.212132034	2	0	0.3	C	91
6125	711	0.15	0.212132034	2	0	0.3	C	91
6125	712	0.05	0.070710678	2	0	0.1	C	91
6125	713	0.35	0.494974747	2	0	0.7	C	91
6175	710	6.1	5.515432893	2	2.2	10	C	91
6175	711	3.25	2.192031022	2	1.7	4.8	C	91
6175	712	0.55	0.494974747	2	0.2	0.9	C	91
6175	713	9.9	8.202438662	2	4.1	15.7	C	91
6183	710	0		1	0	0	C	91
6183	711	0		1	0	0	C	91
6183	712	0		1	0	0	C	91
6183	713	0		1	0	0	C	91
6194	710	0	0	2	0	0	C	91
6194	711	0	0	2	0	0	C	91
6194	712	0	0	2	0	0	C	91
6194	713	0	0	2	0	0	C	91
6419	710	0		1	0	0	D	89
6419	711	0		1	0	0	D	89
6419	712	0		1	0	0	D	89
6419	713	0		1	0	0	D	89
6419	715	0.0001		1	0.0001	0.0001		89
6419	716	0		1	0	0		89
6468	710	0		1	0	0	D	89
6468	711	0		1	0	0	D	89
6468	712	0		1	0	0	D	89
6468	713	0		1	0	0	D	89
6468	715	0		1	0	0		89
6468	716	0		1	0	0		89
6971	710	0.1		1	0.1	0.1	C	91
6971	711	0		1	0	0	C	91
6971	712	0		1	0	0	C	91
6971	713	0.2		1	0.2	0.2	C	91
6982	710	0.733333333	0.527046277	3	0.4	1.4	C	91
6982	711	0.433333333	0.527046277	3	0.1	1.1	C	91
6982	712	0.066666667	0.105409255	3	0	0.2	C	91
6982	713	1.233333333	1.159501809	3	0.5	2.7	C	91
6983	710	0		1	0	0	C	91
6983	711	0.3		1	0.3	0.3	C	91
6983	712	0		1	0	0	C	91
6983	713	0.4		1	0.4	0.4	C	91
7022	710	1		1	1	1	C	91
7022	711	0.8		1	0.8	0.8	C	91
7022	712	0.1		1	0.1	0.1	C	91
7022	713	1.9		1	1.9	1.9	C	91
7023	710	0.05	0.070710678	2	0	0.1	C	89,91
7023	711	0.05	0.070710678	2	0	0.1	C	89,91
7023	712	0	0	2	0	0	C	89,91
7023	713	0.15	0.212132034	2	0	0.3	C	89,91
7023	715	0.0006		1	0.0006	0.0006		89
7023	716	0.0001		1	0.0001	0.0001		89
7029	710	0		1	0	0	D	89
7029	711	0		1	0	0	D	89
7029	712	0		1	0	0	D	89
7029	713	0		1	0	0	D	89
7029	715	0.0003		1	0.0003	0.0003		89
7029	716	0.0001		1	0.0001	0.0001		89
7075	710	0.25	0.070710678	2	0.2	0.3	C	91
7075	711	0.4	0.141421356	2	0.3	0.5	C	91
7075	712	0	0	2	0	0	C	91
7075	713	0.7	0.141421356	2	0.6	0.8	C	91
7083	710	0		1	0	0	C	91
7083	711	0		1	0	0	C	91
7083	712	0		1	0	0	C	91
7083	713	0		1	0	0	C	91
7905	710	0		1	0	0	C	91
7905	711	0		1	0	0	C	91
7905	712	0		1	0	0	C	91
7905	713	0.1		1	0.1	0.1	C	91
7956	710	0		1	0	0	D	89
7956	711	0		1	0	0	D	89
7956	712	0		1	0	0	D	89
7956	713	0		1	0	0	D	89
7956	715	0.0002		1	0.0002	0.0002		89
7956	716	0.0004		1	0.0004	0.0004		89
8001	710	0		1	0	0	B	49
8001	711	0		1	0	0	B	49
8001	713	0		1	0	0	B	49
8013	710	0		1	0	0	D	89
8013	711	0		1	0	0	D	89
8013	712	0		1	0	0	D	89
8013	713	0		1	0	0	D	89
8013	715	0.0029		1	0.0029	0.0029		89
8013	716	0.0002		1	0.0002	0.0002		89
8020	710	0		1	0	0	B	49
8020	711	0		1	0	0	B	49
8020	713	0		1	0	0	B	49
8060	715	0.0005		1	0.0005	0.0005		89
8060	716	0.0002		1	0.0002	0.0002		89
8065	710	0		1	0	0	B	49
8065	711	0		1	0	0	B	49
8065	713	0		1	0	0	B	49
8067	710	0		1	0	0	B	49
8067	711	0		1	0	0	B	49
8067	713	0		1	0	0	B	49
8090	710	0		1	0	0	D	31
8090	711	0		1	0	0	D	31
8090	713	0		1	0	0	D	31
8102	710	0		1	0	0	D	31
8102	711	0		1	0	0	D	31
8102	713	0		1	0	0	D	31
8234	715	0.0004		1	0.0004	0.0004		89
8234	716	0		1	0	0		89
8385	710	41.9		1	41.9	41.9	C	91
8385	711	41.9		1	41.9	41.9	C	91
8385	712	10.2		1	10.2	10.2	C	91
8385	713	93.9		1	93.9	93.9	C	91
8390	710	0		1	0	0	C	91
8390	711	0		1	0	0	C	91
8390	712	0		1	0	0	C	91
8390	713	0		1	0	0	C	91
8393	710	8.4		1	8.4	8.4	C	91
8393	711	7.7		1	7.7	7.7	C	91
8393	712	1.4		1	1.4	1.4	C	91
8393	713	17.4		1	17.4	17.4	C	91
9003	710	0	0	5	0	0	B	31,51,89
9003	711	0	0	5	0	0	B	31,51,89
9003	712	0		1	0	0	C	89
9003	713	0	0	5	0	0	B	31,51,89
9003	715	0.0002		1	0.0002	0.0002		89
9003	716	0		1	0	0		89
9004	710	0	0	3	0	0	B	51
9004	711	0	0	3	0	0	B	51
9004	713	0	0	3	0	0	B	51
9005	710	0		1	0	0	B	51
9005	711	0		1	0	0	B	51
9005	713	0		1	0	0	B	51
9016	710	0		1	0	0	D	31
9016	711	0		1	0	0	D	31
9016	713	0		1	0	0	D	31
9021	710	0	0	2	0	0	C	31,51
9021	711	0	0	2	0	0	C	31,51
9021	713	0	0	2	0	0	C	31,51
9024	710	0		1	0	0	B	51
9024	711	0		1	0	0	B	51
9024	713	0		1	0	0	B	51
9032	710	0.003333333	0.005773503	3	0	0.01	C	31,51,89
9032	711	0.013333333	0.011547005	3	0	0.02	C	31,51,89
9032	712	0		1	0	0	C	89
9032	713	0.016666667	0.015275252	3	0	0.03	C	31,51,89
9032	714	0.05		1	0.05	0.05		31
9032	715	0.00625	0.008838835	2	0	0.0125		31, 89
9032	716	0.0021	0.002969848	2	0	0.0042		31, 89
9037	710	0	0	2	0	0	C	31,51
9037	711	0	0	2	0	0	C	31,51
9037	713	0	0	2	0	0	C	31,51
9040	710	0	0	3	0	0	C	31,51,89
9040	711	0	0	3	0	0	C	31,51,89
9040	712	0		1	0	0	C	89
9040	713	0	0	3	0	0	C	31,51,89
9040	715	0.0003		1	0.0003	0.0003		89
9040	716	0		1	0	0		89
9042	710	0		1	0	0	C	56
9042	711	0		1	0	0	C	56
9042	713	0		1	0	0	C	56
9050	710	0	0	2	0	0	C	56,89
9050	711	0	0	2	0	0	C	56,89
9050	712	0		1	0	0	C	89
9050	713	0	0	2	0	0	C	56,89
9050	715	0.0009		1	0.0009	0.0009		89
9050	716	0.0002		1	0.0002	0.0002		89
9070	710	0		1	0	0	B	51
9070	711	0		1	0	0	B	51
9070	713	0		1	0	0	B	51
9078	710	0	0	2	0	0	C	51,56
9078	711	0	0	2	0	0	C	51,56
9078	713	0	0	2	0	0	C	51,56
9083	710	0.016666667	0.028867513	3	0	0.05	B	51,56,89
9083	711	0.06	0.103923048	3	0	0.18	B	51,56,89
9083	712	0		1	0	0	C	89
9083	713	0.073333333	0.127017059	3	0	0.22	B	51,56,89
9083	715	0.0004		1	0.0004	0.0004		89
9083	716	0		1	0	0		89
9087	710	0	0	2	0	0	C	51,89
9087	711	0.005	0.007071068	2	0	0.01	C	51,89
9087	712	0		1	0	0	C	89
9087	713	0.005	0.007071068	2	0	0.01	C	51,89
9087	715	0.0004		1	0.0004	0.0004		89
9087	716	0.0008		1	0.0008	0.0008		89
9089	710	0		1	0	0	B	51
9089	711	0		1	0	0	B	51
9089	713	0		1	0	0	B	51
9094	710	0		1	0	0	B	51
9094	711	0		1	0	0	B	51
9094	713	0.01		1	0.01	0.01	B	51
9099	710	0		1	0	0	B	51
9099	711	0		1	0	0	B	51
9099	713	0		1	0	0	B	51
9107	710	0		1	0	0	B	51
9107	711	0		1	0	0	B	51
9107	713	0		1	0	0	B	51
9112	710	0		1	0	0	D	89
9112	711	0		1	0	0	D	89
9112	712	0		1	0	0	D	89
9112	713	0		1	0	0	D	89
9112	715	0.0002		1	0.0002	0.0002		89
9112	716	0.0002		1	0.0002	0.0002		89
9116	710	0.04		1	0.04	0.04	D	31
9116	711	0.03		1	0.03	0.03	D	31
9116	713	0.06		1	0.06	0.06	D	31
9116	714	0.05		1	0.05	0.05		31
9116	715	0.05		1	0.05	0.05		31
9116	716	0.05		1	0.05	0.05		31
9120	710	0		1	0	0	B	51
9120	711	0		1	0	0	B	51
9120	713	0		1	0	0	B	51
9123	710	0		1	0	0	D	31
9123	711	0		1	0	0	D	31
9123	713	0		1	0	0	D	31
9148	710	0		1	0	0	B	51
9148	711	0		1	0	0	B	51
9148	713	0		1	0	0	B	51
9152	710	0		1	0	0	B	51
9152	711	0		1	0	0	B	51
9152	713	0		1	0	0	B	51
9176	710	0	0	2	0	0	C	31,51
9176	711	0	0	2	0	0	C	31,51
9176	713	0.005	0.007071068	2	0	0.01	C	31,51
9181	710	0	0	3	0	0	C	31,51,89
9181	711	0	0	3	0	0	C	31,51,89
9181	712	0		1	0	0	C	89
9181	713	0	0	3	0	0	C	31,51,89
9181	715	0.0002		1	0.0002	0.0002		89
9181	716	0		1	0	0		89
9184	710	0		1	0	0	B	51
9184	711	0		1	0	0	B	51
9184	713	0		1	0	0	B	51
9191	710	0		1	0	0	B	51
9191	711	0		1	0	0	B	51
9191	713	0		1	0	0	B	51
9194	710	0	0	2	0	0	C	51,89
9194	711	0	0	2	0	0	C	51,89
9194	712	0		1	0	0	C	89
9194	713	0.005	0.007071068	2	0	0.01	C	51,89
9194	715	0.0012		1	0.0012	0.0012		89
9194	716	0.0002		1	0.0002	0.0002		89
9200	710	0	0	2	0	0	C	31,51
9200	711	0	0	2	0	0	C	31,51
9200	713	0	0	2	0	0	C	31,51
9202	710	0		1	0	0	D	89
9202	711	0		1	0	0	D	89
9202	712	0		1	0	0	D	89
9202	713	0		1	0	0	D	89
9202	715	0.0011		1	0.0011	0.0011		89
9202	716	0.0002		1	0.0002	0.0002		89
9209	710	0.006666667	0.011547005	3	0	0.02	C	31,51,89
9209	711	0.006666667	0.011547005	3	0	0.02	C	31,51,89
9209	712	0		1	0	0	C	89
9209	713	0.013333333	0.023094011	3	0	0.04	C	31,51,89
9209	714	0.05		1	0.05	0.05		31
9209	715	0.02505	0.035284628	2	0.0001	0.05		31,89
9209	716	0.02645	0.037405949	2	0	0.0529		31,89
9218	710	0		1	0	0	B	51
9218	711	0		1	0	0	B	51
9218	713	0		1	0	0	B	51
9219	710	0		1	0	0	B	51
9219	711	0		1	0	0	B	51
9219	713	0		1	0	0	B	51
9226	710	0		1	0	0	D	31
9226	711	0		1	0	0	D	31
9226	713	0		1	0	0	D	31
9231	710	0.01		1	0.01	0.01	B	51
9231	711	0.01		1	0.01	0.01	B	51
9231	713	0.02		1	0.02	0.02	B	51
9236	710	0	0	3	0	0	C	31,51,89
9236	711	0	0	3	0	0	C	31,51,89
9236	712	0		1	0	0	C	89
9236	713	0	0	3	0	0	C	31,51,89
9236	714	0		1	0	0		31
9236	715	0.00025	0.000353553	2	0	0.0005		31,89
9236	716	5.00E-05	7.07E-05	2	0	0.0001		31,89
9240	710	0		1	0	0	B	51
9240	711	0		1	0	0	B	51
9240	713	0		1	0	0	B	51
9252	710	0	0	2	0	0	C	31,51
9252	711	0	0	2	0	0	C	31,51
9252	713	0	0	2	0	0	C	31,51
9256	710	0		1	0	0	B	51
9256	711	0		1	0	0	B	51
9256	713	0		1	0	0	B	51
9266	710	0	0	2	0	0	C	31,51
9266	711	0	0	2	0	0	C	31,51
9266	713	0	0	2	0	0	C	31,51
9268	710	0		1	0	0	B	51
9268	711	0		1	0	0	B	51
9268	713	0		1	0	0	B	51
9277	710	0		1	0	0	B	50
9277	711	0		1	0	0	B	50
9277	713	0		1	0	0	B	50
9278	710	0		1	0	0	B	50
9278	711	0		1	0	0	B	50
9278	713	0		1	0	0	B	50
9279	710	0	0	3	0	0	B	31,51
9279	711	0.003333333	0.005773503	3	0	0.01	B	31,51
9279	713	0.003333333	0.005773503	3	0	0.01	B	31,51
9286	710	0		1	0	0	B	51
9286	711	0		1	0	0	B	51
9286	713	0		1	0	0	B	51
9291	710	0	0	3	0	0	C	31,51,89
9291	711	0.003333333	0.005773503	3	0	0.01	C	31,51,89
9291	712	0		1	0	0	C	89
9291	713	0.003333333	0.005773503	3	0	0.01	C	31,51,89
9291	714	0		1	0	0		31
9291	715	0.00025	0.000353553	2	0	0.0005		31,89
9291	716	0.0009	0.001272792	2	0	0.0018		31,89
9292	710	0		1	0	0	B	51
9292	711	0.01		1	0.01	0.01	B	51
9292	713	0.02		1	0.02	0.02	B	51
9298	710	0.026666667	0.030550505	3	0	0.06	C	31,51,89
9298	711	0.05	0.060827625	3	0.01	0.12	C	31,51,89
9298	712	0		1	0	0	C	89
9298	713	0.076666667	0.090737717	3	0.01	0.18	C	31,51,89
9298	714	0		1	0	0		31
9298	715	0.0002	0.000282843	2	0	0.0004		31,89
9298	716	0.0001	0.000141421	2	0	0.0002		31,89
9302	710	0	0	3	0	0	B	51,56,89
9302	711	0	0	3	0	0	B	51,56,89
9302	712	0		1	0	0	C	89
9302	713	0.003333333	0.005773503	3	0	0.01	B	51,56,89
9302	715	0.0011		1	0.0011	0.0011		89
9302	716	0.0005		1	0.0005	0.0005		89
9304	710	0		1	0	0	B	51
9304	711	0		1	0	0	B	51
9304	713	0		1	0	0	B	51
9307	710	0		1	0	0	B	51
9307	711	0		1	0	0	B	51
9307	713	0		1	0	0	B	51
9316	710	0	0	4	0	0	B	31,51,56,89
9316	711	0	0	4	0	0	B	31,51,56,89
9316	712	0		1	0	0	C	89
9316	713	0.0025	0.005	4	0	0.01	B	31,51,56,89
9316	715	0		1	0	0		89
9316	716	0.0003		1	0.0003	0.0003		89
9326	710	0	0	3	0	0	C	31,51,89
9326	711	0	0	3	0	0	C	31,51,89
9326	712	0		1	0	0	C	89
9326	713	0	0	3	0	0	C	31,51,89
9326	715	0		1	0	0		89
9326	716	0		1	0	0		89
9433	710	0		1	0	0	B	51
9433	711	0		1	0	0	B	51
9433	713	0		1	0	0	B	51
11001	710	0.01875	0.051103886	8	0	0.15	B	24,31,66,89
11001	711	0.01625	0.040233692	8	0	0.12	B	24,31,66,89
11001	712	0	0	6	0	0	B	66,89
11001	713	0.035	0.091261007	8	0	0.27	B	24,31,66,89
11001	714	0.03345	0.047305444	2	0	0.0669		24,31
11001	715	1.4339	2.14257349	3	0.0185	3.8989		24,31,89
11001	716	1.595933333	2.671374621	3	0.0025	4.68		24,31,89
11011	710	0.03	0.042426407	2	0	0.06	C	31,50
11011	711	0	0	2	0	0	C	31,50
11011	713	0.03	0.042426407	2	0	0.06	C	31,50
11011	714	0		1	0	0		31
11011	715	0		1	0	0		31
11011	716	0.05		1	0.05	0.05		31
11012	710	0		1	0	0	B	50
11012	711	0		1	0	0	B	50
11012	713	0		1	0	0	B	50
11038	710	0		1	0	0	D	89
11038	711	0		1	0	0	D	89
11038	712	0		1	0	0	D	89
11038	713	0		1	0	0	D	89
11038	715	0.0001		1	0.0001	0.0001		89
11038	716	0		1	0	0		89
11043	710	0.062727273	0.117221976	11	0	0.39	B	31,50,64,73,89
11043	711	0.084545455	0.145390895	11	0	0.42	B	31,50,64,73,89
11043	712	0	0	4	0	0	C	73,89
11043	713	0.104	0.244027321	10	0	0.81	B	31,64,73,89
11043	714	0.0125	0.025	10	0	0.05		31,64,73
11043	715	0.01165	0.012709183	6	0	0.0261		24,31,73,89
11043	716	0.932	1.012759386	6	0	2.0004		24,31,73,89
11052	710	0.005	0.005773503	4	0	0.01	B	24,31,50
11052	711	0.01	0.014142136	4	0	0.03	B	24,31,50
11052	713	0.015	0.019148542	4	0	0.04	B	24,31,50
11052	714	0.035	0	2	0.035	0.035		24
11052	715	0.15	0	2	0.15	0.15		24
11052	716	0	0	2	0	0		24
11053	710	0.0075	0.005	4	0	0.01	B	24,50,89
11053	711	0.0175	0.015	4	0	0.03	B	24,50,89
11053	712	0		1	0	0	C	89
11053	713	0.025	0.019148542	4	0	0.04	B	24,50,89
11053	714	0.035	0	2	0.035	0.035		24
11053	715	0.0124	0.01056551	3	0.0002	0.0185		24,89
11053	716	0	0	3	0	0		24,89
11060	710	0		1	0	0	B	50
11060	711	0.01		1	0.01	0.01	B	50
11060	713	0.02		1	0.02	0.02	B	50
11061	710	0.01		1	0.01	0.01	B	50
11061	711	0.02		1	0.02	0.02	B	50
11061	713	0.03		1	0.03	0.03	B	50
11080	710	0		1	0	0	D	31
11080	711	0		1	0	0	D	31
11080	713	0		1	0	0	D	31
11081	710	0		1	0	0	B	50
11081	711	0		1	0	0	B	50
11081	713	0		1	0	0	B	50
11088	710	0	0	3	0	0	C	73
11088	711	0	0	3	0	0	C	73
11088	712	0	0	3	0	0	C	73
11088	713	0	0	3	0	0	C	73
11088	714	0		3	0	0		73
11088	715	0		3	0	0		73
11088	716	0		3	0	0		73
11090	710	0		1	0	0	D	31
11090	711	0		1	0	0	D	31
11090	713	0		1	0	0	D	31
11091	710	0		1	0	0	D	89
11091	711	0		1	0	0	D	89
11091	712	0		1	0	0	D	89
11091	713	0		1	0	0	D	89
11091	715	0.0001		1	0.0001	0.0001		89
11091	716	0		1	0	0		89
11098	710	0		1	0	0	B	50
11098	711	0		1	0	0	B	50
11098	713	0		1	0	0	B	50
11099	710	0		1	0	0	B	50
11099	711	0		1	0	0	B	50
11099	713	0		1	0	0	B	50
11109	710	0	0	4	0	0	B	31,50,89
11109	711	0	0	4	0	0	B	31,50,89
11109	712	0		1	0	0	C	89
11109	713	0	0	4	0	0	B	31,50,89
11109	715	0.0001		1	0.0001	0.0001		89
11109	716	0		1	0	0		89
11110	710	0	0	2	0	0	B	50
11110	711	0	0	2	0	0	B	50
11110	713	0	0	2	0	0	B	50
11112	710	0		1	0	0	B	50
11112	711	0		1	0	0	B	50
11113	710	0		1	0	0	B	50
11113	711	0		1	0	0	B	50
11113	713	0		1	0	0	B	50
11114	710	0		1	0	0	B	50
11114	711	0		1	0	0	B	50
11114	713	0		1	0	0	B	50
11115	710	0		1	0	0	B	50
11115	711	0		1	0	0	B	50
11115	713	0		1	0	0	B	50
11116	710	0		1	0	0	D	31
11116	711	0		1	0	0	D	31
11116	713	0		1	0	0	D	31
11124	710	0	0	3	0	0	C	31,50,89
11124	711	0	0	3	0	0	C	31,50,89
11124	712	0		1	0	0	C	89
11124	713	0	0	3	0	0	C	31,50,89
11124	714	0		1	0	0		31
11124	715	5.00E-05	7.07E-05	2	0	0.0001		31,89
11124	716	0	0	2	0	0		31,89
11125	710	0	0	2	0	0	C	50,89
11125	711	0	0	2	0	0	C	50,89
11125	712	0		1	0	0	C	89
11125	713	0	0	2	0	0	C	50,89
11125	715	0.0001		1	0.0001	0.0001		89
11125	716	0		1	0	0		89
11126	710	0		1	0	0	B	50
11126	711	0		1	0	0	B	50
11126	713	0		1	0	0	B	50
11135	710	0		1	0	0	B	50
11135	711	0		1	0	0	B	50
11135	713	0		1	0	0	B	50
11136	710	0		1	0	0	B	50
11136	711	0		1	0	0	B	50
11136	713	0		1	0	0	B	50
11141	710	0		1	0	0	B	50
11141	711	0		1	0	0	B	50
11141	713	0		1	0	0	B	50
11142	710	0		1	0	0	B	50
11142	711	0		1	0	0	B	50
11142	713	0		1	0	0	B	50
11143	710	0		1	0	0	B	50
11143	711	0		1	0	0	B	50
11143	713	0		1	0	0	B	50
11144	710	0		1	0	0	B	50
11144	711	0		1	0	0	B	50
11144	713	0		1	0	0	B	50
11152	710	0		1	0	0	B	50
11152	711	0		1	0	0	B	50
11152	713	0		1	0	0	B	50
11161	710	0		1	0	0	D	31
11161	711	0		1	0	0	D	31
11161	713	0		1	0	0	D	31
11162	710	0		1	0	0	D	89
11162	711	0		1	0	0	D	89
11162	712	0		1	0	0	D	89
11162	713	0		1	0	0	D	89
11162	715	0		1	0	0		89
11162	716	0.0015		1	0.0015	0.0015		89
11167	710	0	0	2	0	0	C	31,50
11167	711	0	0	2	0	0	C	31,50
11167	713	0	0	2	0	0	C	31,50
11168	710	0	0	2	0	0	C	50,89
11168	711	0	0	2	0	0	C	50,89
11168	712	0		1	0	0	C	89
11168	713	0.005	0.007071068	2	0	0.01	C	50,89
11168	715	0.0001		1	0.0001	0.0001		89
11168	716	0		1	0	0		89
11203	710	0		1	0	0	B	50
11203	711	0		1	0	0	B	50
11203	713	0		1	0	0	B	50
11205	710	0		1	0	0	B	50
11205	711	0		1	0	0	B	50
11205	713	0		1	0	0	B	50
11206	710	0	0	2	0	0	C	31,50
11206	711	0	0	2	0	0	C	31,50
11206	713	0	0	2	0	0	C	31,50
11209	710	0		1	0	0	B	50
11209	711	0		1	0	0	B	50
11209	713	0		1	0	0	B	50
11210	710	0		1	0	0	B	50
11210	711	0		1	0	0	B	50
11210	713	0		1	0	0	B	50
11215	710	0.005	0.007071068	2	0	0.01	C	31,89
11215	711	0.015	0.007071068	2	0.01	0.02	C	31,89
11215	712	0		1	0	0	C	89
11215	713	0.02	0	2	0.02	0.02	C	31,89
11215	714	0.05		1	0.05	0.05		31
11215	715	0.0004	0.000565685	2	0	0.0008		31,89
11215	716	5.00E-05	7.07E-05	2	0	0.0001		31,89
11233	710	0		1	0	0	D	31
11233	711	0		1	0	0	D	31
11233	713	0		1	0	0	D	31
11246	710	0		1	0	0	B	50
11246	711	0		1	0	0	B	50
11246	713	0		1	0	0	B	50
11247	710	0		1	0	0	B	50
11247	711	0		1	0	0	B	50
11247	713	0		1	0	0	B	50
11251	710	0		1	0	0	D	89
11251	711	0		1	0	0	D	89
11251	712	0		1	0	0	D	89
11251	713	0		1	0	0	D	89
11251	715	0.0001		1	0.0001	0.0001		89
11251	716	0.0001		1	0.0001	0.0001		89
11252	710	0	0	3	0	0	B	31,50
11252	711	0	0	3	0	0	B	31,50
11252	713	0	0	3	0	0	B	31,50
11260	710	0	0	2	0	0	C	31,50
11260	711	0	0	2	0	0	C	31,50
11260	713	0	0	2	0	0	C	31,50
11261	710	0		1	0	0	B	50
11261	711	0		1	0	0	B	50
11261	713	0		1	0	0	B	50
11278	710	0	0	2	0	0	C	31,50
11278	711	0	0	2	0	0	C	31,50
11278	713	0.005	0.007071068	2	0	0.01	C	31,50
11282	710	0	0	2	0	0	C	31,50
11282	711	0	0	2	0	0	C	31,50
11282	713	0	0	2	0	0	C	31,50
11283	710	0	0	2	0	0	C	50,89
11283	711	0	0	2	0	0	C	50,89
11283	712	0		1	0	0	C	89
11283	713	0	0	2	0	0	C	50,89
11283	715	0		1	0	0		89
11283	716	0		1	0	0		89
11292	710	0		1	0	0	B	50
11292	711	0		1	0	0	B	50
11292	713	0		1	0	0	B	50
11298	710	0		1	0	0	B	50
11298	711	0		1	0	0	B	50
11298	713	0		1	0	0	B	50
11299	710	0		1	0	0	B	50
11299	711	0		1	0	0	B	50
11299	713	0		1	0	0	B	50
11300	710	0	0	3	0	0	C	73
11300	711	0	0	3	0	0	C	73
11300	712	0	0	3	0	0	C	73
11300	713	0	0	3	0	0	C	73
11300	714	0		3	0	0		73
11300	715	0		3	0	0		73
11300	716	0		3	0	0		73
11304	710	0	0	7	0	0	B	50,73
11304	711	0.001428571	0.003595159	7	0	0.01	B	50,73
11304	712	0	0	6	0	0	B	73
11304	713	0.001428571	0.003595159	7	0	0.01	B	50,73
11304	714	0	0	6	0	0		73
11304	715	0	0	6	0	0		73
11304	716	0	0	6	0	0		73
11305	710	0		1	0	0	B	50
11305	711	0		1	0	0	B	50
11305	713	0		1	0	0	B	50
11306	710	0		1	0	0	B	50
11306	711	0		1	0	0	B	50
11306	713	0		1	0	0	B	50
11312	710	0		1	0	0	B	50
11312	711	0.01		1	0.01	0.01	B	50
11312	713	0.01		1	0.01	0.01	B	50
11313	710	0		1	0	0	B	50
11313	711	0		1	0	0	B	50
11313	713	0		1	0	0	B	50
11333	710	0	0	2	0	0	C	31,50
11333	711	0	0	2	0	0	C	31,50
11333	713	0	0	2	0	0	C	31,50
11352	710	0	0	2	0	0	C	31,50
11352	711	0	0	2	0	0	C	31,50
11352	713	0	0	2	0	0	C	31,50
11355	710	0		1	0	0	B	50
11355	711	0		1	0	0	B	50
11355	713	0		1	0	0	B	50
11358	710	0		1	0	0	B	50
11358	711	0		1	0	0	B	50
11360	710	0	0	2	0	0	C	31,89
11360	711	0	0	2	0	0	C	31,89
11360	712	0		1	0	0	C	89
11360	713	0	0	2	0	0	C	31,89
11360	715	0.0003		1	0.0003	0.0003		89
11360	716	0.0001		1	0.0001	0.0001		89
11365	710	0		1	0	0	B	50
11365	711	0		1	0	0	B	50
11365	713	0		1	0	0	B	50
11367	710	0		1	0	0	D	89
11367	711	0		1	0	0	D	89
11367	712	0		1	0	0	D	89
11367	713	0		1	0	0	D	89
11367	715	0.0001		1	0.0001	0.0001		89
11367	716	0		1	0	0		89
11422	710	0		1	0	0	B	50
11422	711	0		1	0	0	B	50
11422	713	0		1	0	0	B	50
11423	710	0		1	0	0	D	89
11423	711	0		1	0	0	D	89
11423	712	0		1	0	0	D	89
11423	713	0		1	0	0	D	89
11423	715	0		1	0	0		89
11423	716	0		1	0	0		89
11429	710	0		1	0	0	B	50
11429	711	0		1	0	0	B	50
11429	713	0		1	0	0	B	50
11435	710	0		1	0	0	B	50
11435	711	0		1	0	0	B	50
11435	713	0		1	0	0	B	50
11436	710	0		1	0	0	B	50
11436	711	0		1	0	0	B	50
11436	713	0		1	0	0	B	50
11450	710	20.33974589	12.79854002	35	0.006106	54.9	B	2,24,34,68,73,87,100
11450	711	22.57039286	16.91789833	35	0.04375	62.07	B	2,24,34,68,73,87,100
11450	712	7.566428571	4.70143291	28	0	22.6	B	2,68,73,87,100
11450	713	48.95099589	30.32225858	35	0.049856	120.94	B	2,24,34,68,73,87,100
11450	714	0	0	8	0	0		2,24,73
11450	715	0	0	8	0	0		2,24,73
11450	716	0	0	8	0	0		2,24,73
11451	710	7.4125	0.342326598	4	6.85	7.6	C	22,24
11451	711	7.06	0.073029674	4	6.94	7.1	C	22,24
11451	712	4.6	0	3	4.6	4.6	C	22
11451	713	17.9225	2.51495941	4	13.79	19.3	C	22,24
11451	714	0		1	0	0		24
11451	715	0		1	0	0		24
11451	716	0		1	0	0		24
11452	710	12.86269841	8.045854325	63	0	47.65	B	9,23,31,52,64,73,78,89,97
11452	711	18.76506349	11.21903202	63	0	60.03	B	9,23,31,52,64,73,78,89,97
11452	712	2.876938776	1.594227857	49	0	8.41	B	52,73,89
11452	713	34.39401613	19.8125297	62	0	107.12	B	9,23,31,52,64,73,89,97
11452	714	0	0	12	0	0		31,64,73
11452	715	0.031116667	0.076219956	10	0	0.1867		31,73,89,97
11452	716	0.340893333	0.346402723	10	0	0.9196		31,73,89,97
11453	710	5	0	2	5	5	C	22
11453	711	6.7	0	2	6.7	6.7	C	22
11453	712	0.8	0	2	0.8	0.8	C	22
11453	713	12.5	0	2	12.5	12.5	C	22
11457	710	0	0	3	0	0	C	31,50,89
11457	711	0	0	3	0	0	C	31,50,89
11457	712	0		1	0	0	C	89
11457	713	0	0	3	0	0	C	31,50,89
11457	715	0.0001		1	0.0001	0.0001		89
11457	716	0		1	0	0		89
11458	710	0	0	2	0	0	C	50,89
11458	711	0	0	2	0	0	C	50,89
11458	712	0		1	0	0	C	89
11458	713	0	0	2	0	0	C	50,89
11458	715	0.0001		1	0.0001	0.0001		89
11458	716	0		1	0	0		89
11468	715	0.0001		1	0.0001	0.0001		89
11468	716	0		1	0	0		89
11477	710	0	0	2	0	0	B	50
11477	711	0	0	2	0	0	B	50
11477	713	0	0	2	0	0	B	50
11478	710	0	0	2	0	0	B	50
11478	711	0	0	2	0	0	B	50
11478	713	0	0	2	0	0	B	50
11486	710	0		1	0	0	D	89
11486	711	0		1	0	0	D	89
11486	712	0		1	0	0	D	89
11486	713	0		1	0	0	D	89
11507	710	0	0	2	0	0	C	31,50
11507	711	0.01	0.014142136	2	0	0.02	C	31,50
11507	713	0.01	0.014142136	2	0	0.02	C	31,50
11507	714	0		1	0	0		31
11507	715	0		1	0	0		31
11507	716	0		1	0	0		31
11510	710	0	0	2	0	0	C	50,89
11510	711	0	0	2	0	0	C	50,89
11510	712	0		1	0	0	C	89
11510	713	0	0	2	0	0	C	50,89,
11510	715	0.0001		1	0.0001	0.0001		89
11510	716	0		1	0	0		89
11529	710	0	0	3	0	0	C	31,50,89
11529	711	0	0	3	0	0	C	31,50,89
11529	712	0		1	0	0	C	89
11529	713	0	0	3	0	0	C	31,50,89
11529	715	0.0001		1	0.0001	0.0001		89
11529	716	0		1	0	0		89
11564	710	0	0	2	0	0	C	31,50
11564	711	0	0	2	0	0	C	31,50
11564	713	0	0	2	0	0	C	31,50
11565	710	0		1	0	0	B	50
11565	711	0		1	0	0	B	50
11565	713	0		1	0	0	B	50
11578	710	0		1	0	0	D	89
11578	711	0.01		1	0.01	0.01	D	89
11578	712	0		1	0	0	D	89
11578	713	0.01		1	0.01	0.01	D	89
11578	715	0.0003		1	0.0003	0.0003		89
11578	716	0.0001		1	0.0001	0.0001		89
11591	710	0		1	0	0	B	50
11591	711	0		1	0	0	B	50
11591	713	0		1	0	0	B	50
11667	715	0.0007		1	0.0007	0.0007		89
11667	716	0.0001		1	0.0001	0.0001		89
11670	710	0		1	0	0	D	31
11670	711	0		1	0	0	D	31
11670	713	0		1	0	0	D	31
11697	710	0		1	0	0	B	49
11697	711	0		1	0	0	B	49
11697	713	0.01		1	0.01	0.01	B	49
11935	710	0		1	0	0	D	31
11935	711	0		1	0	0	D	31
11935	713	0		1	0	0	D	31
11957	710	0		1	0	0	B	50
11957	711	0		1	0	0	B	50
11957	713	0		1	0	0	B	50
11963	710	0		1	0	0	D	31
11963	711	0		1	0	0	D	31
11963	713	0		1	0	0	D	31
12023	710	0	0	2	0	0	C	51,89
12023	711	0	0	2	0	0	C	51,89
12023	712	0		1	0	0	C	89
12023	713	0.01	0	2	0.01	0.01	C	51,89
12023	715	0.0038		1	0.0038	0.0038		89
12023	716	0.0004		1	0.0004	0.0004		89
12036	710	0.002	0	3	0.002	0.002	C	59
12036	711	0.002	0	3	0.002	0.002	C	59
12036	713	0.004	0	3	0.004	0.004	C	59
12036	714	0.005		3	0.005	0.005		59
12036	715	0.026		3	0.026	0.026		59
12036	716	0.005		3	0.005	0.005		59
12038	710	0	0	3	0	0	C	31,51,89
12038	711	0	0	3	0	0	C	31,51,89
12038	712	0		1	0	0	C	89
12038	713	0	0	3	0	0	C	31,51,89
12038	714	0		1	0	0		31
12038	715	0.00035	0.000494975	2	0	0.0007		31.89
12038	716	5.00E-05	7.07E-05	2	0	0.0001		31.89
12061	710	0	0	2	0	0	C	51,89
12061	711	0.005	0.007071068	2	0	0.01	C	51,89
12061	712	0		1	0	0	C	89
12061	713	0.01	0.014142136	2	0	0.02	C	51,89
12061	715	0.0008		1	0.0008	0.0008		89
12061	716	0.018		1	0.018	0.018		89
12078	710	0		1	0	0	B	51
12078	711	0		1	0	0	B	51
12078	713	0		1	0	0	B	51
12087	710	0		1	0	0	D	89
12087	711	0.01		1	0.01	0.01	D	89
12087	712	0		1	0	0	D	89
12087	713	0.01		1	0.01	0.01	D	89
12087	715	0.01		1	0.01	0.01		89
12087	716	0.0004		1	0.0004	0.0004		89
12097	710	0		1	0	0	B	51
12097	711	0		1	0	0	B	51
12097	713	0.01		1	0.01	0.01	B	51
12101	710	0	0	2	0	0	C	51,89
12101	711	0.01	0.014142136	2	0	0.02	C	51,89
12101	712	0		1	0	0	C	89
12101	713	0.01	0.014142136	2	0	0.02	C	51,89
12101	715	0.0017		1	0.0017	0.0017		89
12101	716	0.0024		1	0.0024	0.0024		89
12104	710	0.01		1	0.01	0.01	B	51
12104	711	0.01		1	0.01	0.01	B	51
12104	713	0.02		1	0.02	0.02	B	51
12108	710	0		1	0	0	B	51
12108	711	0		1	0	0	B	51
12108	713	0		1	0	0	B	51
12120	710	0.005	0.007071068	2	0	0.01	C	51,89
12120	711	0.02	0	2	0.02	0.02	C	51,89
12120	712	0		1	0	0	C	89
12120	713	0.025	0.007071068	2	0.02	0.03	C	51,89
12120	715	0.0012		1	0.0012	0.0012		89
12120	716	0.0003		1	0.0003	0.0003		89
12142	710	0		1	0	0	D	89
12142	711	0		1	0	0	D	89
12142	712	0		1	0	0	D	89
12142	713	0		1	0	0	D	89
12142	715	0.0007		1	0.0007	0.0007		89
12142	716	0.0003		1	0.0003	0.0003		89
12151	710	1.875	2.55265548	2	0.07	3.68	C	29,89
12151	711	1.75	2.333452378	2	0.1	3.4	C	29,89
12151	712	0		1	0	0	C	89
12151	713	3.63	4.87903679	2	0.18	7.08	C	29,89
12151	715	0.0002		1	0.0002	0.0002		89
12151	716	0.0067		1	0.0067	0.0067		89
12155	710	0.02	0.028284271	2	0	0.04	C	51,89
12155	711	0.01	0.014142136	2	0	0.02	C	51,89
12155	712	0		1	0	0	C	89
12155	713	0.025	0.035355339	2	0	0.05	C	51,89
12155	715	0.0009		1	0.0009	0.0009		89
12155	716	0.0006		1	0.0006	0.0006		89
12220	710	0.015	0.027386128	4	0	0.06	C	59,89
12220	711	0.0425	0.077594029	4	0	0.17	C	59,89
12220	712	0.06		1	0.06	0.06	C	89
12220	713	0.0725	0.132366285	4	0	0.29	C	59,89
12220	714	0		3	0	0		59
12220	715	0.01705	0.024112341	4	0	0.0341		59,89
12220	716	0.0234	0.033092597	4	0	0.0468		59,89
14003	710	0		1	0	0	D	31
14003	711	0		1	0	0	D	31
14003	713	0		1	0	0	D	31
14006	710	0		1	0	0	C	89
14006	711	0		1	0	0	C	89
14006	712	0		1	0	0	C	89
14006	713	0		1	0	0	C	89
14006	715	0.0003		1	0.0003	0.0003		89
14006	716	0		1	0	0		89
14106	710	0		1	0	0	C	89
14106	711	0		1	0	0	C	89
14106	712	0		1	0	0	C	89
14106	713	0		1	0	0	C	89
14106	715	0.0022		1	0.0022	0.0022		89
14106	716	0.0001		1	0.0001	0.0001		89
14201	710	0		1	0	0	D	89
14201	711	0		1	0	0	D	89
14201	712	0		1	0	0	D	89
14201	713	0		1	0	0	D	89
14201	715	0.0002		1	0.0002	0.0002		89
14201	716	0		1	0	0		89
14209	710	0.025	0.035355339	2	0	0.05	C	31,89
14209	711	0.01	0.014142136	2	0	0.02	C	31,89
14209	712	0		1	0	0	C	89
14209	713	0.035	0.049497475	2	0	0.07	C	31,89
14209	714	0		1	0	0		31
14209	715	0.0001	0.000141421	2	0	0.0002		31,89
14209	716	0.025	0.035355339	2	0	0.05		31,89
14242	710	0		1	0	0	C	89
14242	711	0		1	0	0	C	89
14242	712	0		1	0	0	C	89
14242	713	0		1	0	0	C	89
14242	715	0.001		1	0.001	0.001		89
14242	716	0		1	0	0		89
14355	710	0	0	2	0	0	C	31,89
14355	711	0	0	2	0	0	C	31,89
14355	712	0		1	0	0	C	89
14355	713	0	0	2	0	0	C	31,89
14355	715	0.0001		1	0.0001	0.0001		89
14355	716	0.0002		1	0.0002	0.0002		89
14602	710	0		1	0	0	C	89
14602	711	0		1	0	0	C	89
14602	712	0		1	0	0	C	89
14602	713	0		1	0	0	C	89
14602	715	0.0121		1	0.0121	0.0121		89
14602	716	0.0001		1	0.0001	0.0001		89
15138	710	0.05	0.070710678	2	0	0.1	C	91
15138	711	0.05	0.070710678	2	0	0.1	C	91
15138	712	0	0	2	0	0	C	91
15138	713	0.1	0.141421356	2	0	0.2	C	91
15184	710	0.0375	0.074402381	8	0	0.2	B	89,91
15184	711	0.05	0.106904497	8	0	0.3	B	89,91
15184	712	0	0	8	0	0	B	89,91
15184	713	0.0875	0.17268882	8	0	0.5	B	89,91
15184	715	0.0002		1	0.0002	0.0002		89
15184	716	0		1	0	0		89
15185	710	0.116666667	0.240138849	6	0	0.6	C	91
15185	711	0.15	0.367423461	6	0	0.9	C	91
15185	712	0.016666667	0.040824829	6	0	0.1	C	91
15185	713	0.283333333	0.646271357	6	0	1.6	C	91
16001	710	0.356666667	0.155429512	9	0	0.57	B	61,73
16001	711	0.233333333	0.101159939	9	0	0.36	B	61,73
16001	712	0	0	6	0	0	C	73
16001	713	0.586666667	0.254476587	9	0	0.91	B	61,73
16001	714	0	0	6	0	0		73
16001	715	0	0	6	0	0		73
16001	716	0	0	6	0	0		73
16006	710	0	0	4	0	0	B	50,89,99
16006	711	0.005	0.005773503	4	0	0.01	B	50,89,99
16006	712	0	0	2	0	0	C	89,99
16006	713	0.005	0.005773503	4	0	0.01	B	50,89,99
16009	715	0.0005		1	0.0005	0.0005		89
16009	716	0		1	0	0		89
16014	710	0.006666667	0.011547005	3	0	0.02	C	2,24,31
16014	711	0	0	3	0	0	C	2,24,31
16014	712	0		1	0	0	C	2
16014	713	0.006666667	0.011547005	3	0	0.02	C	2,24,31
16014	714	0		1	0	0		2
16014	715	0		1	0	0		2
16014	716	0		1	0	0		2
16018	710	0		1	0	0	D	89
16018	711	0		1	0	0	D	89
16018	712	0		1	0	0	D	89
16018	713	0		1	0	0	D	89
16018	715	0.0029		1	0.0029	0.0029		89
16018	716	0		1	0	0		89
16019	710	0		1	0	0	C	2
16019	711	0		1	0	0	C	2
16019	712	0.01		1	0.01	0.01	C	2
16019	713	0.01		1	0.01	0.01	C	2
16019	714	0		1	0	0		2
16019	715	0		1	0	0		2
16019	716	0		1	0	0		2
16024	710	0	0	2	0	0	C	24,31
16024	711	0	0	2	0	0	C	24,31
16024	713	0	0	2	0	0	C	24,31
16024	714	0.6		1	0.6	0.6		24
16024	715	0		1	0	0		24
16024	716	0		1	0	0		24
16027	712	0	0	15	0	0	B	7
16027	714	0.042061538	0.137674329	25	0	0.5		57,73
16027	715	0.003346154	0.003709361	25	0	0.0109		57,73
16027	716	0.002592308	0.004143763	25	0	0.01		57,73
16028	710	0		1	0	0	C	24
16028	711	0		1	0	0	C	24
16028	713	0		1	0	0	C	24
16028	714	0.41		1	0.41	0.41		24
16028	715	0		1	0	0		24
16028	716	0		1	0	0		24
16032	710	0.0135	0.009192388	2	0.007	0.02	B	50,57
16032	711	0.01	0.014142136	2	0	0.02	B	50,57
16032	713	0.0235	0.023334524	2	0.007	0.04	B	50,57
16032	714	0.0073		3	0.0073	0.0073		57
16032	715	0		3	0	0		57
16032	716	0		3	0	0		57
16033	710	0.005	0.007071068	2	0	0.01	B	24,50
16033	711	0.005	0.007071068	2	0	0.01	B	24,50
16033	713	0.01	0.014142136	2	0	0.02	B	24,50
16034	710	0		1	0	0	D	89
16034	711	0		1	0	0	D	89
16034	712	0		1	0	0	D	89
16034	713	0		1	0	0	D	89
16034	715	0.0002		1	0.0002	0.0002		89
16034	716	0		1	0	0		89
16037	710	0.007	0.009899495	2	0	0.014	C	24,57
16037	711	0.204	0.288499567	2	0	0.408	C	24,57
16037	713	0.211	0.298399062	2	0	0.422	C	24,57
16037	714	0.0197	0.021637468	4	0.0044	0.035		24,57
16037	715	0	0	4	0	0		24,57
16037	716	0	0	4	0	0		24,57
16040	710	0		1	0	0	C	24
16040	711	0		1	0	0	C	24
16040	713	0		1	0	0	C	24
16040	714	0		1	0	0		24
16040	715	1.05		1	1.05	1.05		24
16040	716	0		1	0	0		24
16042	710	0.006666667	0.011547005	3	0	0.02	C	24,31,57
16042	711	0.172666667	0.299067439	3	0	0.518	C	24,31,57
16042	713	0.179333333	0.310614445	3	0	0.538	C	24,31,57
16042	714	0.28105	0.394494873	4	0.0021	0.56		24,57
16042	715	0.00925	0.013081475	4	0	0.0185		24,57
16042	716	1.805	2.55265548	4	0	3.61		24,57
16045	710	0	0	2	0	0	C	24,31
16045	711	0.37	0.523259018	2	0	0.74	C	24,31
16045	713	0.37	0.523259018	2	0	0.74	C	24,31
16045	714	0		1	0	0		24
16045	715	0.82		1	0.82	0.82		24
16045	716	0		1	0	0		24
16047	710	0.257142857	0.122335548	7	0	0.4	C	2,82
16047	711	0.171428571	0.071903185	7	0	0.2	C	2,82
16047	712	0		1	0	0	C	2
16047	713	0.428571429	0.188802168	7	0	0.6	C	2,82
16047	714	0		1	0	0		2
16047	715	0		1	0	0		2
16047	716	0		1	0	0		2
16049	710	0		1	0	0	C	2
16049	711	0.01		1	0.01	0.01	C	2
16049	712	0.01		1	0.01	0.01	C	2
16049	713	0.02		1	0.02	0.02	C	2
16049	714	0.01		1	0.01	0.01		2
16049	715	0		1	0	0		2
16049	716	0		1	0	0		2
16050	710	0.01		1	0.01	0.01	D	89
16050	711	0.03		1	0.03	0.03	D	89
16050	712	0		1	0	0	D	89
16050	713	0.04		1	0.04	0.04	D	89
16050	715	0.0004		1	0.0004	0.0004		89
16050	716	0.0001		1	0.0001	0.0001		89
16052	710	0.331874	1.003446329	10	0	3.27074	B	2,50,57,61,73
16052	711	0.148384615	0.521684983	13	0	1.925	B	2,25,50,57,61,73
16052	712	0.275	0.502079011	4	0	1.1	B	2,73
16052	713	0.634774	1.932929726	10	0	6.29574	B	2,50,57,61,73
16052	714	0.1205	0.227715466	6	0	0.462		2,57,73
16052	715	0.011325	0.018687496	6	0	0.039		2,57,73
16052	716	0	0	6	0	0		2,57,73
16053	710	0		1	0	0	B	50
16053	711	0		1	0	0	B	50
16053	713	0		1	0	0	B	50
16054	710	0		1	0	0	D	89
16054	711	0		1	0	0	D	89
16054	712	0		1	0	0	D	89
16054	713	0		1	0	0	D	89
16054	715	0.0001		1	0.0001	0.0001		89
16054	716	0		1	0	0		89
16056	710	0.21	0.203599716	11	0	0.65	B	2,24,31,50,57,73,76b
16056	711	0.06475	0.05	10	0	0.1375	B	2,24,31,50,57,73,76b
16056	712	0.18	0.38	5	0	0.89	B	2,73,76b
16056	713	0.3796712	0.311920723	10	0	1.059712	B	2,24,31,50,57,73
16056	714	1.538585714	1.01886872	9	0	3.08		2,24,31,57,73
16056	715	0.121042857	0.129574867	9	0	0.36		2,24,31,57,73
16056	716	0.007857143	0.018676443	9	0	0.05		2,24,31,57,73
16057	710	0		1	0	0	B	50
16057	711	0.02		1	0.02	0.02	B	50
16057	713	0.02		1	0.02	0.02	B	50
16058	710	0		1	0	0	D	89
16058	711	0		1	0	0	D	89
16058	712	0		1	0	0	D	89
16058	713	0		1	0	0	D	89
16058	715	0.0005		1	0.0005	0.0005		89
16058	716	0.0001		1	0.0001	0.0001		89
16062	710	0.0125	0.0125	4	0	0.025	C	24,31,57
16062	711	0.017	0.017	4	0	0.034	C	24,31,57
16062	713	0.0295	0.0295	4	0	0.059	C	24,31,57
16062	714	0.579233333	0.996600604	3	0	1.73		24,57
16062	715	0.001833333	0.003175426	3	0	0.0055		24,57
16062	716	0.0059	0.005237366	3	0	0.01		24,57
16069	710	0.0106325	0.02073206	9	0	0.06106	B	2,24,31,50,57,76b
16069	711	0.05215625	0.122288684	9	0	0.35625	B	2,24,31,50,57,76b
16069	712	0	0	3	0	0	C	2,76b
16069	713	0.06278875	0.142729686	8	0	0.41731	B	2,24,31,50,57
16069	714	0.004275	0.005076334	4	0	0.01		2,57
16069	715	0.00455	0.005413871	4	0	0.0107		2,57
16069	716	0.0017	0.0034	4	0	0.0068		2,57
16070	710	0	0	2	0	0	C	50,89
16070	711	0	0	2	0	0	C	50,89
16070	712	0		1	0	0	C	89
16070	713	0.005	0.007071068	2	0	0.01	C	50,89
16070	715	0.007		1	0.007	0.007		89
16070	716	0.0003		1	0.0003	0.0003		89
16071	712	0	0	21	0	0	B	73
16071	714	0.273181818	0.260595705	25	0	0.5		24,57,73
16071	715	0.322745455	0.30714472	25	0.009	0.959		24,57,73
16071	716	0.136363636	0.445651719	25	0	1.48		24,57,73
16072	710	0.013333333	0.015275252	3	0	0.03	B	24,50
16072	711	0.026666667	0.046188022	3	0	0.08	B	24,50
16072	713	0.005	0.007071068	2	0	0.01	B	24,50
16072	714	0		1	0	0		24
16072	715	0.01		1	0.01	0.01		24
16072	716	0		1	0	0		24
16074	710	0		1	0	0	C	24
16074	711	0		1	0	0	C	24
16074	713	0		1	0	0	C	24
16074	714	0.37		1	0.37	0.37		24
16074	715	0.55		1	0.55	0.55		24
16074	716	0		1	0	0		24
16076	710	0.1		1	0.1	0.1	C	2
16076	711	0.145		1	0.145	0.145	C	2
16076	712	0		1	0	0	C	2
16076	713	0.245		1	0.245	0.245	C	2
16076	714	0		1	0	0		2
16076	715	0		1	0	0		2
16076	716	0		1	0	0		2
16080	710	0.003076923	0.003217923	13	0	0.01	B	24,50,57,64,73
16080	711	0.085	0.093852722	13	0	0.365	B	24,50,57,64,73
16080	712	0	0	3	0	0	B	73
16080	713	0.088076923	0.095843602	13	0	0.375	B	24,50,57,64,73
16080	714	0.003525	0.00705	10	0	0.0141		24,57,64,73
16080	715	0.205833333	0.350038688	5	0	0.61		24,57,73
16080	716	0.003333333	0.005773503	5	0	0.01		24,57,73
16081	710	0.005	0.007071068	2	0	0.01	C	50,89
16081	711	0.005	0.007071068	2	0	0.01	C	50,89
16081	712	0		1	0	0	C	89
16081	713	0.01	0.014142136	2	0	0.02	C	50,89
16081	715	0.0005		1	0.0005	0.0005		89
16081	716	0		1	0	0		89
16083	710	0.010285714	0.008161632	7	0	0.024	B	24,57,73
16083	711	0.011142857	0.008841769	7	0	0.026	B	24,57,73
16083	712	0	0	3	0	0	C	73
16083	713	0.021428571	0.017003401	7	0	0.05	B	24,57,73
16083	714	0.023125	0.039021821	6	0	0.0811		57,73
16083	715	0.0005	0.001	6	0	0.002		57,73
16083	716	0.004875	0.005632865	6	0	0.01		57,73
16085	710	0.32	1.5	23	0	7.26	B	24,31,50,57,61,73,76b
16085	711	0.112181818	0.16	23	0	0.8	B	24,31,50,57,61,73,76b
16085	712	0	0	10	0	0	B	73,76b
16085	713	0.444818182	1.516292358	22	0	7.26	B	24,31,50,57,61,73
16085	714	0.08762	0.271395021	14	0	0.86		2,24,57,73
16085	715	0.00381	0.00617512	14	0	0.0185		2,24,57,73
16085	716	0.812	2.564257744	14	0	8.11		2,24,57,73
16086	710	0	0	2	0	0	B	50
16086	711	0.01	0	2	0.01	0.01	B	50
16086	713	0.015	0.007071068	2	0.01	0.02	B	50
16087	710	0.020555556	0.012350963	9	0.005	0.05	B	51,57
16087	711	0.244888889	0.110101426	9	0.02	0.387	B	51,57
16087	713	0.264333333	0.107961799	9	0.02	0.392	B	51,57
16087	714	0.006316667	0.001811537	6	0.0036	0.0078		57
16087	715	0.001733333	0.002869611	6	0	0.0068		57
16087	716	0.001666667	0.004082483	6	0	0.01		57
16089	710	0		1	0	0	D	89
16089	711	0		1	0	0	D	89
16089	712	0		1	0	0	D	89
16089	713	0.01		1	0.01	0.01	D	89
16089	715	0.0003		1	0.0003	0.0003		89
16089	716	0.0001		1	0.0001	0.0001		89
16090	710	0		1	0	0	B	51
16090	711	0.02		1	0.02	0.02	B	51
16090	713	0.02		1	0.02	0.02	B	51
16098	710	0	0	2	0	0	C	31,51
16098	711	0.005	0.007071068	2	0	0.01	C	31,51
16098	713	0.005	0.007071068	2	0	0.01	C	31,51
16101	710	0.018	0	3	0.018	0.018	C	57
16101	711	0.54	0	3	0.54	0.54	C	57
16101	713	0.558	0	3	0.558	0.558	C	57
16101	714	0.1034	0.106120498	3	0.0104	0.219		57
16101	715	0.015166667	0.010526791	3	0.0051	0.0261		57
16101	716	0.006666667	0.005773503	3	0	0.01		57
16104	710	2.2	0.734846923	5	1	2.8	C	89,91,95
16104	711	5.66	1.648999697	5	2.7	6.9	C	89,91,95
16104	712	1.5	1.055935604	5	0.1	2.4	C	89,91,95
16104	713	9.358	3.258149475	5	4.5	12.1	C	89,91,95
16104	715	0.0041		1	0.0041	0.0041		89
16104	716	0		1	0	0		89
16107	710	4.457142857	1.518681849	7	3.6	8	B	64,66,99
16107	711	9.228571429	1.496958367	7	8.3	12.5	B	64,66,99
16107	712	2.3	0.707106781	2	1.8	2.8	C	66,99
16107	713	14.34285714	4.016776045	7	11.9	23.3	B	64,66,99
16107	714	0		5	0	0		64
16108	710	62.9042522	19.89040024	951	2.64	191.43	B	2,4,6,8,11,15,21,22,23,24,26,31,32,34,36,42,44,45,47,50,52,53,57,60,64,73,74,78,88,90,94,95,96,98,99,100
16108	711	81.35397476	22.63257948	951	5.56	276.21	B	2,4,6,8,11,15,21,22,23,24,26,31,32,34,36,42,44,45,47,50,52,53,57,60,64,73,74,78,88,90,94,95,96,98,99,100
16108	712	15.28592748	7.580764735	717	0	121.69	B	2,4,6,11,15,22,23,26,32,36,42,44,47,52,53,60,73,74,90,94,95,96,98,99,100
16108	713	155.7621198	43.23213307	950	10.04	440.72	B	2,4,6,8,11,15,21,22,23,24,26,31,32,34,36,42,44,45,47,50,52,53,57,60,64,73,74,88,90,94,95,96,98,99,100
16108	714	0.003308333	0.006103272	25	0	0.015		2,24,31,57,64,73,88
16108	715	8.458606667	14.55174185	46	0	39.4		2,24,31,44,57,73
16108	716	0.018681818	0.055440109	20	0	0.1854		2,24,31,57,73,88
16109	710	30.76497786	10.63852155	28	9.65646	64.9	B	8,22,24,50,74,89,90
16109	711	31.26071429	8.834313284	28	4.1	54.1	B	8,22,24,50,74,89,90
16109	712	3.75173913	1.53467284	23	0.85	9.2	B	22,74,89,90
16109	713	65.10747786	19.56608992	28	22.65646	128.2	B	8,22,24,50,74,89,90
16109	714	0		1	0	0		24
16109	715	0.0026	0.003676955	2	0	0.0052		24,89
16109	716	0.00075	0.00106066	2	0	0.0015		24,89
16111	710	62.137375	28.03506362	16	0.536	97	B	13,22,23,24,68,74,89,95
16111	711	75.77832	25.1761636	25	1.103	110.55	B	13,14,22,23,24,25,68,74,89,95
16111	712	13.325	8.685777298	12	0	30.7	B	22,23,68,74,89,95
16111	713	148.496625	63.11536346	16	1.659	201.9	B	13,22,23,24,68,74,89,95
16111	714	0		1	0	0		24
16111	715	0.0308	0.043557778	2	0	0.0616		24,89
16111	716	0.01855	0.026233662	2	0	0.0371		24,89
16112	710	16.426895	7.692803909	72	1.81	47.12	B	8,13,22,55,61,66,74,89,90,95,102
16112	711	23.2365	8.370644734	78	1.45	52.4	B	8,13,22,25,55,61,66,74,89,90,95,102
16112	712	3.003902439	0.813436689	41	0.8	5.34	B	22,66,74,89,90,95
16112	713	41.44782556	16.1655412	72	3.26	99.52	B	8,13,22,55,61,66,74,89,90,95,102
16112	715	0.0053		1	0.0053	0.0053		89
16112	716	0		1	0	0		89
16113	710	33.22047619	9.475731684	21	16.02	55.3	B	9,22,66,68,74,90
16113	711	37.66018519	7.849938922	27	21.52	59.37	B	9,22,25,66,68,74,90
16113	712	10.54694444	3.739941898	18	3.67	19.8	A	22,66,68,74,90
16113	713	82.28952381	18.60341842	21	46.395	124.1	B	9,22,66,68,74,90
16114	710	22.66007143	8.993916881	28	4.671	59.69	B	13,34,35,65,66,72,75,94,95
16114	711	36.15392857	17.6437064	28	1.114	112.21	B	13,34,35,65,66,72,75,94,95
16114	712	3.815692308	1.44720707	13	0.898	7.3	B	65,66,72,94,95
16114	713	60.60735714	27.43944185	28	6.883	179.2	B	13,34,35,65,66,72,75,94,95
16115	710	72.91835	19.02304952	60	18.2	130.918	B	18,23,24,59,67,71,75,77,91,94
16115	711	98.77486667	20.20850331	60	36.8	145.225	B	18,23,24,59,67,71,75,77,91,94
16115	712	16.11948	4.327743877	25	4.8	24.831	B	18,23,67,71,91,94
16115	713	178.1031167	37.06128765	60	59.8	264.844	B	18,23,24,59,67,71,75,77,91,94
16115	714	0.0248	0.04295486	5	0	0.0744		24,59,77
16115	715	0.010066667	0.017435978	5	0	0.0302		24,59,77
16115	716	0	0	5	0	0		24,59,77
16116	710	89.456	19.71612104	6	57	119.2	C	3,13,62,66
16116	711	85.118	21.35971768	6	70.736	126.9	C	3,13,62,66
16116	712	16.4	2.828427125	2	14.4	18.4	C	3,66
16116	713	165.0406667	51.031295	6	130	260.5	C	3,13,62,66
16117	710	64.54612061	20.19746441	49	22.6	149.6	B	11,13,22,42,49,64,65,76,77,81,83,93,94,95
16117	711	87.31293618	21.79608121	79	40.96	174.9	B	11,13,14,22,42,49,64,65,76,77,81,83,93,94,95
16117	712	15.08426189	11.74962782	27	2.703049769	59.3	B	11,22,42,65,81,83,93,94,95
16117	713	150.9399375	41.02210926	49	73.721	324.4	B	11,13,22,42,49,64,65,76,77,81,83,93,94,95
16117	714	0	0	9	0	0		64,77
16117	715	0		4	0	0		77
16117	716	0		4	0	0		77
16119	710	80.76830275	9.168005639	8	57.474	87.447318	C	1,97
16119	711	114.7081385	18.41855173	8	68.346	127.37512	C	1,97
16119	712	16.12336371	1.022955382	7	13.68672	16.605456	C	1
16119	713	209.5843845	32.70779566	8	125.82	225.153584	C	1,97
16119	715	0		1	0	0		97
16119	716	0		1	0	0		97
16120	715	0		1	0	0		97
16120	716	0.807142857	2.249261173	40	0	8		34,97
16121	710	5.777571429	3.831375437	21	0.794	21.087	B	13,67,75
16121	711	5.263428571	1.77900644	21	1.287	10.728	B	13,67,75
16121	712	1.567	0	6	1.567	1.567	B	67
16121	713	11.48871429	5.500584535	21	2.081	31.815	B	13,67,75
16122	710	30.80887245	12.72602616	49	7.7	68.889	B	1,3,11,12,13,19,23,67,84,93,94,95
16122	711	57.27670716	14.17483234	55	27.174	105.1	B	1,3,11,12,13,14,19,23,67,84,93,94,95
16122	712	8.536327432	3.215378995	42	5.396	26.4	B	1,3,11,12,19,67,93,94,95
16122	713	91.05264074	25.99509839	49	46.5	199.25	B	1,3,11,12,13,19,23,67,84,93,94,95
16123	710	0.7847	0.300841734	50	0.02	2.3	B	13,31,34,42,61,66,74,81,89,90,97
16123	711	0.388107143	0.215217677	56	0	1.54	B	13,25,31,34,42,61,66,74,81,89,90,97
16123	712	0.137948718	0.072125984	39	0	0.45	B	42,66,74,81,89,90
16123	713	1.18478	0.398112903	50	0.13	2.8	B	13,31,34,42,61,66,74,81,89,90,97
16123	714	0		1	0	0		31
16123	715	0.001933333	0.003348632	3	0	0.0058		31,89,97
16123	716	0.0168	0.028752739	3	0	0.05		31,89,97
16125	710	0.1		1	0.1	0.1	B	66
16125	711	0		1	0	0	B	66
16125	712	0		1	0	0	B	66
16125	713	0.1		1	0.1	0.1	B	66
16126	710	12.30610463	4.717641212	105	0.9	48.59	B	11,16,22,23,31,33,34,39,42,61,64,65,66,74,79,81,90,97,104
16126	711	16.10409491	7.697377455	108	2.22	81.51	B	11,16,22,23,25,31,33,34,39,42,61,64,65,66,74,79,81,90,97,104
16126	712	2.745328605	1.28270766	70	0.566867712	12.2	B	11,22,23,33,42,65,66,74,79,81,90,104
16126	713	30.41491656	13.29997694	105	3.12	142.3	B	11,16,22,23,31,33,34,39,42,61,64,65,66,74,79,81,90,97,104
16126	714	0	0	6	0	0		31,64
16126	715	0	0	2	0	0		31,97
16126	716	0.1125	0.159099026	2	0	0.225		31,97
16127	710	9.485944444	2.193006228	18	3.437	14	B	16,22,66,79,97
16127	711	11.90605556	3.816501733	18	5.259	21.59	B	16,22,66,79,97
16127	712	1.68	0.531170092	13	1.03	3	B	22,66,79
16127	713	22.60755556	5.429117394	18	8.696	32.4	B	16,22,66,79,97
16127	715	0		1	0	0		97
16127	716	0		1	0	0		97
16128	710	29.58525	2.582968294	4	25.341	31	C	74,97
16128	711	51.03725	5.409216691	4	42.149	54	C	74,97
16128	712	3.44	0	3	3.44	3.44	C	74
16128	713	83.2025	9.562322983	4	67.49	88.44	C	74,97
16128	715	0		1	0	0		97
16128	716	0		1	0	0		97
16129	710	13.79692308	2.697279068	39	7.2	24.7	B	22,23,34,66,74,79,90
16129	711	18.42615385	4.673094494	39	8.3	35.1	B	22,23,34,66,74,79,90
16129	712	2.928823529	1.125494669	34	0.7	7.57	B	22,23,66,74,79,90
16129	713	34.77641026	7.321196697	39	16.2	65.1	B	22,23,34,66,74,79,90
16130	710	3.618	2.981239787	7	0.572	10.2	B	66,74,94
16130	711	4.469428571	2.860705003	7	1.952	11	B	66,74,94
16130	712	1.303428571	0.377979303	7	1.088	2.2	B	66,74,94
16130	713	9.390857143	6.203244734	7	3.612	23.4	B	66,74,94
16132	710	20.7162	9.087312088	5	3.581	25	C	22,23,97
16132	711	23.8316	10.53956799	5	3.958	28.8	C	22,23,97
16132	712	4.95	0.040824829	4	4.9	5	C	22,23
16132	713	48.5078	21.72701599	5	7.539	58.8	C	22,23,97
16132	715	0		1	0	0		97
16132	716	0		1	0	0		97
16139	714	0		1	0	0		31
16139	715	0.0006	0.000848528	2	0	0.0012		31,89
16139	716	0.1155	0.162493138	2	0.0006	0.2304		31,89
16147	712	0.54924	0.449695292	25	0	1.7	B	22,66,81,89,91,99
16147	714	0		1	0	0		31
16147	715	0.00095	0.001343503	2	0	0.0019		31,89
16147	716	0.0001	0.000141421	2	0	0.0002		31,89
16150	710	1.3	0.92736185	4	0	2.2	C	89,91
16150	711	0.685	0.667008246	4	0.04	1.6	C	89,91
16150	712	0.075	0.05	4	0	0.1	C	89,91
16150	713	2.085	1.623032142	4	0.04	4	C	89,91
16150	715	0.0007		1	0.0007	0.0007		89
16150	716	0.0001		1	0.0001	0.0001		89
16158	710	0		1	0	0	D	89
16158	711	0.01		1	0.01	0.01	D	89
16158	712	0		1	0	0	D	89
16158	713	0.01		1	0.01	0.01	D	89
16158	715	0.0034		1	0.0034	0.0034		89
16158	716	0		1	0	0		89
16159	710	8.225	1.237436867	2	7.35	9.1	B	66
16159	711	12.45	1.909188309	2	11.1	13.8	B	66
16159	712	1.95	0.353553391	2	1.7	2.2	B	66
16159	713	22.625	3.500178567	2	20.15	25.1	B	66
16162	710	12.42075	2.355663433	4	8.55	13.711	B	13,66
16162	711	16.9465	2.493050508	4	12.85	18.312	B	13,66
16162	712	2.4		1	2.4	2.4	B	66
16162	713	29.96725	3.753268825	4	23.8	32.023	B	13,66
16168	710	3.4	1.414213562	2	2.4	4.4	C	22,99
16168	711	4.15	1.48492424	2	3.1	5.2	C	22,99
16168	712	0.25	0.353553391	2	0	0.5	C	22,99
16168	713	7.8	2.545584412	2	6	9.6	C	22,99
16173	710	4.35		1	4.35	4.35	B	66
16173	711	9.35		1	9.35	9.35	B	66
16173	712	0.9		1	0.9	0.9	B	66
16173	713	14.6		1	14.6	14.6	B	66
16174	710	13.115	8.676200205	2	6.98	19.25	C	66,89
16174	711	21.14	14.72196318	2	10.73	31.55	C	66,89
16174	712	1.385	1.152584053	2	0.57	2.2	C	66,89
16174	713	35.64	24.55074744	2	18.28	53	C	66,89
16174	715	0.0019		1	0.0019	0.0019		89
16174	716	0.0006		1	0.0006	0.0006		89
16229	710	1.009988392		1	1.009988392	1.009988392	C	11
16229	711	1.5125		1	1.5125	1.5125	C	11
16229	712	0.036636		1	0.036636	0.036636	C	11
16229	713	2.559124392		1	2.559124392	2.559124392	C	11
16230	710	0.295318243		1	0.295318243	0.295318243	C	11
16230	711	0.40625		1	0.40625	0.40625	C	11
16230	712	0		1	0	0	C	11
16230	713	0.701568243		1	0.701568243	0.701568243	C	11
16427	710	8.5557	3.321685555	10	1.151	14.6	B	13,24,94,95
16427	711	12.9902	4.186842015	10	2.892	18.662	B	13,24,94,95
16427	712	1.975	0.585021367	6	1.05	2.9	C	94,95
16427	713	22.7309	7.327022033	10	5.093	33.7	B	13,24,94,95
16427	714	0		1	0	0		24
16427	715	0		1	0	0		24
16427	716	0		1	0	0		24
16513	710	3.45		1	3.45	3.45	B	66
16513	711	7.9		1	7.9	7.9	B	66
16513	712	0.85		1	0.85	0.85	B	66
16513	713	12.2		1	12.2	12.2	B	66
16546	710	1.183	0	3	1.183	1.183	B	66
16546	711	2.45	0	3	2.45	2.45	B	66
16546	712	0.3	0	3	0.3	0.3	B	66
16546	713	3.933	0	3	3.933	3.933	B	66
16557	710	1.8		1	1.8	1.8	C	91
16557	711	2.2		1	2.2	2.2	C	91
16557	712	0.4		1	0.4	0.4	C	91
16557	713	4.4		1	4.4	4.4	C	91
18029	710	0		1	0	0	C	91
18029	711	0		1	0	0	C	91
18029	712	0		1	0	0	C	91
18029	713	0		1	0	0	C	91
18035	710	0.2	0.230940108	4	0	0.4	C	89,91
18035	711	0.15	0.173205081	4	0	0.3	C	89,91
18035	712	0	0	4	0	0	C	89,91
18035	713	0.3775	0.432078311	4	0	0.8	C	89,91
18035	715	0.0047		1	0.0047	0.0047		89
18035	716	0.0005		1	0.0005	0.0005		89
18037	710	0		1	0	0	D	89
18037	711	0		1	0	0	D	89
18037	712	0		1	0	0	D	89
18037	713	0		1	0	0	D	89
18037	715	0.0004		1	0.0004	0.0004		89
18037	716	0.0001		1	0.0001	0.0001		89
18060	710	0		1	0	0	D	89
18060	711	0		1	0	0	D	89
18060	712	0		1	0	0	D	89
18060	713	0		1	0	0	D	89
18060	715	0.0001		1	0.0001	0.0001		89
18060	716	0		1	0	0		89
18064	710	0	0	2	0	0	C	91
18064	711	0	0	2	0	0	C	91
18064	712	0	0	2	0	0	C	91
18064	713	0	0	2	0	0	C	91
18068	710	0.25		1	0.25	0.25	B	49
18068	711	0.23		1	0.23	0.23	B	49
18068	713	0.49		1	0.49	0.49	B	49
18069	710	0.064	0.087330789	10	0	0.2	B	42,49,89,91,99
18069	711	0.126	0.168931281	10	0	0.5	B	42,49,89,91,99
18069	712	0	0	9	0	0	B	42,89,91,99
18069	713	0.189	0.25097366	10	0	0.7	B	42,49,89,91,99
18069	715	0.0006		1	0.0006	0.0006		89
18069	716	0.0001		1	0.0001	0.0001		89
18075	710	0		1	0	0	D	89
18075	711	0		1	0	0	D	89
18075	712	0		1	0	0	D	89
18075	713	0		1	0	0	D	89
18075	715	0.0003		1	0.0003	0.0003		89
18075	716	0.0001		1	0.0001	0.0001		89
18079	710	0.4		1	0.4	0.4	C	91
18079	711	0.3		1	0.3	0.3	C	91
18079	712	0		1	0	0	C	91
18079	713	0.7		1	0.7	0.7	C	91
18081	710	0.2	0.141421356	2	0.1	0.3	C	91
18081	711	0.2	0	2	0.2	0.2	C	91
18081	712	0	0	2	0	0	C	91
18081	713	0.4	0.141421356	2	0.3	0.5	C	91
18101	710	0		1	0	0	D	89
18101	711	0		1	0	0	D	89
18101	712	0		1	0	0	D	89
18101	713	0		1	0	0	D	89
18101	715	0.0002		1	0.0002	0.0002		89
18101	716	0.0001		1	0.0001	0.0001		89
18127	710	0.125	0.25	4	0	0.5	C	91
18127	711	0.15	0.238047614	4	0	0.5	C	91
18127	712	0	0	4	0	0	C	91
18127	713	0.275	0.485626743	4	0	1	C	91
18128	710	0		1	0	0	C	91
18128	711	0		1	0	0	C	91
18128	712	0		1	0	0	C	91
18128	713	0		1	0	0	C	91
18133	710	0.1		1	0.1	0.1	C	99
18133	711	0.1		1	0.1	0.1	C	99
18133	712	0		1	0	0	C	99
18133	713	0.2		1	0.2	0.2	C	99
18150	710	0.01		1	0.01	0.01	B	49
18150	711	0.01		1	0.01	0.01	B	49
18150	713	0.03		1	0.03	0.03	B	49
18159	710	0		1	0	0	D	89
18159	711	0		1	0	0	D	89
18159	712	0		1	0	0	D	89
18159	713	0		1	0	0	D	89
18159	715	0.0006		1	0.0006	0.0006		89
18159	716	0.0008		1	0.0008	0.0008		89
18216	710	0.006	0.003366502	10	0	0.013	B	49,59
18216	711	0.0051	0.002574231	10	0	0.01	B	49,59
18216	713	0.0111	0.005125535	10	0	0.018	B	49,59
18216	714	0.001666667	0.002886751	9	0	0.005		59
18216	715	0.003466667	0.001342882	9	0.0025	0.005		59
18216	716	0.005	6.72E-11	9	0.005	0.005		59
18217	710	0		1	0	0	B	49
18217	711	0.01		1	0.01	0.01	B	49
18217	713	0.01		1	0.01	0.01	B	49
18248	710	2.58	1.33346666	7	1.06	4.7	B	89,91
18248	711	2.44	1.113792321	7	1.6	4.4	B	89,91
18248	712	0.291428571	0.166876059	7	0.04	0.5	B	89,91
18248	713	5.31	2.569507086	7	2.87	9.6	B	89,91
18248	715	0.0007		1	0.0007	0.0007		89
18248	716	0.0001		1	0.0001	0.0001		89
18249	710	1.9	0.282842712	2	1.7	2.1	C	91
18249	711	1.65	0.212132034	2	1.5	1.8	C	91
18249	712	0.2	0	2	0.2	0.2	C	91
18249	713	3.7	0.565685425	2	3.3	4.1	C	91
18250	710	0.5		1	0.5	0.5	C	91
18250	711	0.5		1	0.5	0.5	C	91
18250	712	0.1		1	0.1	0.1	C	91
18250	713	1.1		1	1.1	1.1	C	91
18255	710	0.3		1	0.3	0.3	C	91
18255	711	0.2		1	0.2	0.2	C	91
18255	712	0		1	0	0	C	91
18255	713	0.6		1	0.6	0.6	C	91
18290	710	0		1	0	0	D	89
18290	711	0		1	0	0	D	89
18290	712	0		1	0	0	D	89
18290	713	0		1	0	0	D	89
18290	715	0.0008		1	0.0008	0.0008		89
18290	716	0.0001		1	0.0001	0.0001		89
18301	710	0		1	0	0	C	99
18301	711	0		1	0	0	C	99
18301	712	0		1	0	0	C	99
18301	713	0		1	0	0	C	99
18326	710	0		1	0	0	D	89
18326	711	0		1	0	0	D	89
18326	712	0		1	0	0	D	89
18326	713	0		1	0	0	D	89
18326	715	0.0003		1	0.0003	0.0003		89
18326	716	0.0001		1	0.0001	0.0001		89
18342	710	0		1	0	0	C	91
18342	711	0		1	0	0	C	91
18342	712	0		1	0	0	C	91
18342	713	0		1	0	0	C	91
18356	710	0.7	0.141421356	2	0.6	0.8	C	91
18356	711	0.65	0.070710678	2	0.6	0.7	C	91
18356	712	0.1	0	2	0.1	0.1	C	91
18356	713	1.5	0.141421356	2	1.4	1.6	C	91
18364	710	0	0	2	0	0	C	31
18364	711	0	0	2	0	0	C	31
18364	713	0	0	2	0	0	C	31
18376	710	0		1	0	0	C	91
18376	711	0		1	0	0	C	91
18376	712	0		1	0	0	C	91
18376	713	0		1	0	0	C	91
19015	710	0.052	0	3	0.052	0.052	C	59
19015	711	0.078	0	3	0.078	0.078	C	59
19015	713	0.13	0	3	0.13	0.13	C	59
19015	714	0.0022		3	0.0022	0.0022		59
19015	715	0.0041		3	0.0041	0.0041		59
19015	716	0.005		3	0.005	0.005		59
19016	710	0		1	0	0	D	89
19016	711	0		1	0	0	D	89
19016	712	0		1	0	0	D	89
19016	713	0.01		1	0.01	0.01	D	89
19016	715	0.0004		1	0.0004	0.0004		89
19016	716	0		1	0	0		89
19033	710	0		1	0	0	C	91
19033	711	0		1	0	0	C	91
19033	712	0		1	0	0	C	91
19033	713	0		1	0	0	C	91
19042	710	0		1	0	0	C	91
19042	711	0		1	0	0	C	91
19042	712	0		1	0	0	C	91
19042	713	0		1	0	0	C	91
19056	710	0		1	0	0	D	31
19056	711	0		1	0	0	D	31
19056	713	0		1	0	0	D	31
19205	710	0		1	0	0	C	99
19205	711	0		1	0	0	C	99
19205	712	0		1	0	0	C	99
19205	713	0		1	0	0	C	99
19218	710	0		1	0	0	B	49
19218	711	0		1	0	0	B	49
19218	713	0		1	0	0	B	49
19314	710	0	0	2	0	0	B	51
19314	711	0	0	2	0	0	B	51
19314	713	0	0	2	0	0	B	51
19411	710	0		1	0	0	D	31
19411	711	0		1	0	0	D	31
19411	713	0		1	0	0	D	31
20005	710	0		1	0	0	B	49
20005	711	0.01		1	0.01	0.01	B	49
20005	713	0.01		1	0.01	0.01	B	49
20016	710	0.01		1	0.01	0.01	B	49
20016	711	0.01		1	0.01	0.01	B	49
20016	713	0.01		1	0.01	0.01	B	49
20020	710	0.01		1	0.01	0.01	B	49
20020	711	0.01		1	0.01	0.01	B	49
20020	713	0.02		1	0.02	0.02	B	49
20029	710	0.01		1	0.01	0.01	D	89
20029	711	0		1	0	0	D	89
20029	712	0		1	0	0	D	89
20029	713	0.01		1	0.01	0.01	D	89
20029	715	0.0003		1	0.0003	0.0003		89
20029	716	0.0001		1	0.0001	0.0001		89
20036	710	0.03	0.042426407	2	0	0.06	C	31,49
20036	711	0.035	0.049497475	2	0	0.07	C	31,49
20036	713	0.065	0.091923882	2	0	0.13	C	31,49
20037	710	0		1	0	0	B	49
20037	711	0		1	0	0	B	49
20037	713	0.01		1	0.01	0.01	B	49
20038	710	0	0	2	0	0	B	49
20038	711	0	0	2	0	0	B	49
20038	713	0	0	2	0	0	B	49
20044	710	0	0	2	0	0	C	31,49
20044	711	0	0	2	0	0	C	31,49
20044	713	0	0	2	0	0	C	31,49
20045	710	0		1	0	0	B	49
20045	711	0		1	0	0	B	49
20045	713	0.01		1	0.01	0.01	B	49
20047	710	0		1	0	0	D	89
20047	711	0		1	0	0	D	89
20047	712	0		1	0	0	D	89
20047	713	0		1	0	0	D	89
20047	715	0.0001		1	0.0001	0.0001		89
20047	716	0		1	0	0		89
20066	710	0.01		1	0.01	0.01	B	49
20066	711	0.02		1	0.02	0.02	B	49
20066	713	0.02		1	0.02	0.02	B	49
20077	710	0		1	0	0	B	49
20077	711	0		1	0	0	B	49
20077	713	0		1	0	0	B	49
20080	710	0		1	0	0	B	49
20080	711	0.01		1	0.01	0.01	B	49
20080	713	0.02		1	0.02	0.02	B	49
20081	710	0		1	0	0	B	49
20081	711	0		1	0	0	B	49
20081	713	0		1	0	0	B	49
20088	710	0		1	0	0	D	31
20088	711	0		1	0	0	D	31
20088	713	0		1	0	0	D	31
20095	710	0		1	0	0	B	49
20095	711	0.01		1	0.01	0.01	B	49
20095	713	0.01		1	0.01	0.01	B	49
20100	710	0		1	0	0	B	49
20100	711	0		1	0	0	B	49
20100	713	0		1	0	0	B	49
20109	710	0.01		1	0.01	0.01	B	49
20109	711	0.01		1	0.01	0.01	B	49
20109	713	0.02		1	0.02	0.02	B	49
20110	710	0		1	0	0	B	49
20110	711	0		1	0	0	B	49
20110	713	0.01		1	0.01	0.01	B	49
20120	710	0.01		1	0.01	0.01	B	49
20120	711	0.01		1	0.01	0.01	B	49
20120	713	0.01		1	0.01	0.01	B	49
20121	710	0		1	0	0	B	49
20121	711	0.01		1	0.01	0.01	B	49
20121	713	0.01		1	0.01	0.01	B	49
20124	710	0.005	0.007071068	2	0	0.01	B	49
20124	711	0.01	0	2	0.01	0.01	B	49
20124	713	0.015	0.007071068	2	0.01	0.02	B	49
20125	710	0		1	0	0	B	49
20125	711	0		1	0	0	B	49
20125	713	0		1	0	0	B	49
21322	710	4.4		1	4.4	4.4	C	91
21322	711	0.9		1	0.9	0.9	C	91
21322	712	0.7		1	0.7	0.7	C	91
21322	713	6		1	6	6	C	91
22116	710	1.35		1	1.35	1.35	B	66
22116	711	2		1	2	2	B	66
22116	712	0.4		1	0.4	0.4	B	66
22116	713	3.75		1	3.75	3.75	B	66
22122	710	2		1	2	2	C	91
22122	711	2.3		1	2.3	2.3	C	91
22122	712	0.3		1	0.3	0.3	C	91
22122	713	4.6		1	4.6	4.6	C	91
22126	710	1		1	1	1	B	66
22126	711	2.05		1	2.05	2.05	B	66
22126	712	0.3		1	0.3	0.3	B	66
22126	713	3.35		1	3.35	3.35	B	66
22518	710	0		1	0	0	C	91
22518	711	0		1	0	0	C	91
22518	712	0		1	0	0	C	91
22518	713	0		1	0	0	C	91
22720	710	1.9		1	1.9	1.9	C	91
22720	711	1.2		1	1.2	1.2	C	91
22720	712	0.2		1	0.2	0.2	C	91
22720	713	3.3		1	3.3	3.3	C	91
22903	710	0.01		1	0.01	0.01	D	89
22903	711	0.01		1	0.01	0.01	D	89
22903	712	0		1	0	0	D	89
22903	713	0.01		1	0.01	0.01	D	89
22903	715	0.0002		1	0.0002	0.0002		89
22903	716	0.0001		1	0.0001	0.0001		89
22904	710	1.25	1.482115605	4	0	3.4	C	91
22904	711	1.025	0.977667292	4	0.1	2.4	C	91
22904	712	0.15	0.173205081	4	0	0.4	C	91
22904	713	2.425	2.570829957	4	0.1	6.1	C	91
22910	710	0		1	0	0	D	89
22910	711	0		1	0	0	D	89
22910	712	0		1	0	0	D	89
22910	713	0		1	0	0	D	89
22910	715	0.0003		1	0.0003	0.0003		89
22910	716	0		1	0	0		89
22911	710	1	0.818535277	3	0.1	1.7	C	91
22911	711	1.1	0.655743852	3	0.4	1.7	C	91
22911	712	0.166666667	0.152752523	3	0	0.3	C	91
22911	713	2.2	1.571623365	3	0.5	3.6	C	91
22932	710	0.2		1	0.2	0.2	C	91
22932	711	0.3		1	0.3	0.3	C	91
22932	712	0		1	0	0	C	91
22932	713	0.6		1	0.6	0.6	C	91
23501	710	0.67	0.329013678	5	0.3	1.05	B	66
23501	711	1.09	0.417432629	5	0.5	1.65	B	66
23501	712	0.1	0.070710678	5	0	0.2	B	66
23501	713	1.86	0.777335192	5	0.9	2.9	B	66
23506	710	0.35	0.16583124	5	0.2	0.55	B	66
23506	711	0.77	0.275227179	5	0.35	1.1	B	66
23506	712	0.02	0.04472136	5	0	0.1	B	66
23506	713	1.14	0.45607017	5	0.55	1.75	B	66
23567	710	0		1	0	0	D	31
23567	711	0		1	0	0	D	31
23567	713	0		1	0	0	D	31
25013	710	0.1		1	0.1	0.1	C	91
25013	711	0		1	0	0	C	91
25013	712	0		1	0	0	C	91
25013	713	0.1		1	0.1	0.1	C	91
25017	710	1.8		1	1.8	1.8	D	31
25017	711	3.27		1	3.27	3.27	D	31
25017	713	5.07		1	5.07	5.07	D	31
25017	714	0		1	0	0		31
25017	715	0		1	0	0		31
25017	716	0.087		1	0.087	0.087		31
42178	710	5.5	0	5	5.5	5.5	C	64,
42178	711	11.3	0	5	11.3	11.3	C	64,
42178	713	16.8	0	5	16.8	16.8	C	64,
42178	714	0		5	0	0		64
42237	710	0		1	0	0	B	49
42237	711	0		1	0	0	B	49
42237	713	0		1	0	0	B	49
42299	710	0		1	0	0	B	66
42299	711	0		1	0	0	B	66
42299	712	0		1	0	0	B	66
42299	713	0		1	0	0	B	66
43130	710	5.78	0	6	5.78	5.78	C	81
43130	711	6.43	0	6	6.43	6.43	C	81
43130	712	0.06	0	6	0.06	0.06	C	81
43130	713	12.27	7.94E-16	6	12.27	12.27	C	81
43212	710	64.36666667	23.34815006	3	49.6	93.9	C	91
43212	711	45.76666667	0.105409255	3	45.7	45.9	C	91
43212	712	8.333333333	1.317615692	3	7.5	10	C	91
43212	713	118.5	24.82387963	3	102.8	149.9	C	91
43476	710	5.7	0	3	5.7	5.7	C	95
43476	711	9.4	0	3	9.4	9.4	C	95
43476	712	1.2	0	3	1.2	1.2	C	95
43476	713	16.3	0	3	16.3	16.3	C	95
43528	710	0.2	0.141421356	2	0.1	0.3	C	91
43528	711	0.35	0.212132034	2	0.2	0.5	C	91
43528	712	0	0	2	0	0	C	91
43528	713	0.6	0.282842712	2	0.4	0.8	C	91
97068	710	0		1	0	0	B	51
97068	711	0		1	0	0	B	51
97068	713	0		1	0	0	B	51
97069	710	0		1	0	0	B	51
97069	711	0		1	0	0	B	51
97069	713	0		1	0	0	B	51
97070	710	0		1	0	0	B	51
97070	711	0		1	0	0	B	51
97070	713	0		1	0	0	B	51
99001	710	0.008	0	3	0.008	0.008	C	59
99001	711	0.01	0	3	0.01	0.01	C	59
99001	713	0.018	0	3	0.018	0.018	C	59
99001	714	0		3	0	0		59
99001	715	0.0024		3	0.0024	0.0024		59
99001	716	0		3	0	0		59
99002	710	29.84042857	12.58968407	7	20.752	59.3	B	13,50
99002	711	39.996	11.45624413	7	33.687	67.2	B	13,50
99002	713	69.83642857	24.01396894	7	54.439	126.5	B	13,50
99003	710	0	0	2	0	0	B	66
99003	711	0	0	2	0	0	B	66
99003	712	0	0	2	0	0	B	66
99003	713	0	0	2	0	0	B	66
99008	710	0		1	0	0	C	24
99008	711	1.29		1	1.29	1.29	C	24
99008	713	1.29		1	1.29	1.29	C	24
99008	714	0		1	0	0		24
99008	715	0.21		1	0.21	0.21		24
99008	716	0		1	0	0		24
99009	710	0.035	0.049497475	2	0	0.07	C	24,31
99009	711	0.21	0.197989899	2	0.07	0.35	C	24,31
99009	713	0.245	0.148492424	2	0.14	0.35	C	24,31
99009	714	0.5955	0.219910209	2	0.44	0.751		24,31
99009	715	3.14995	1.230295089	2	2.28	4.0199		24,31
99009	716	14.07885	19.77233195	2	0.0977	28.06		24,31
99010	710	0.002	0	3	0.002	0.002	C	59
99010	711	0.002	0	3	0.002	0.002	C	59
99010	713	0.004	0	3	0.004	0.004	C	59
99010	714	0		3	0	0		59
99010	715	0.005		3	0.005	0.005		59
99010	716	0		3	0	0		59
99014	710	1.897	0.982203441	6	0.344	3.45	C	13,
99014	711	2.8125	0.656172614	6	1.775	3.85	C	13,
99014	713	4.7135	1.640905878	6	2.119	7.308	C	13,
99018	710	40.0725	8.227696009	18	29.5	70	B	13,95,101,
99018	711	62.175	3.687568544	18	55	73.15	B	13,95,101,
99018	712	10.9	0.147709789	12	10.5	11.1	B	95,
99018	713	109.5141667	5.464285222	18	100.1	125	B	13,95,101,
99019	710	0		1	0	0	C	24
99019	711	0.64		1	0.64	0.64	C	24
99019	713	0.64		1	0.64	0.64	C	24
99019	714	1.26		1	1.26	1.26		24
99019	715	0		1	0	0		24
99019	716	6.13		1	6.13	6.13		24
99020	710	0.018	0	3	0.018	0.018	C	59
99020	711	0.029	0	3	0.029	0.029	C	59
99020	713	0.047	4.91E-18	3	0.047	0.047	C	59
99020	714	0.0359		3	0.0359	0.0359		59
99020	715	0.0075		3	0.0075	0.0075		59
99020	716	0		3	0	0		59
99021	710	0		1	0	0	C	56
99021	711	0		1	0	0	C	56
99021	713	0		1	0	0	C	56
99026	710	0	0	2	0	0	C	24,31,
99026	711	0.155	0.219203102	2	0	0.31	C	24,31,
99026	713	0.155	0.219203102	2	0	0.31	C	24,31,
99026	714	0		1	0	0		24
99026	715	0		1	0	0		24
99026	716	0.0656		1	0.0656	0.0656		24
99029	710	0	0	2	0	0	B	51
99029	711	0	0	2	0	0	B	51
99029	713	0	0	2	0	0	B	51
99030	710	29.08931034	12.70180901	58	9.891	87.42	B	5,27,
99030	711	67.56684483	13.69305534	58	25.88	110.981	B	5,27,
99030	712	13.09571429	3.581112234	14	4.56	20.49	B	27,
99030	713	99.81718966	21.22450115	58	42.538	188	B	5,27,
99034	710	12.18	1.910942176	5	9	14.3	C	23,95,
99034	711	21.12	1.153776408	5	19.2	22.4	C	23,95,
99034	712	2.3	0	3	2.3	2.3	C	95,
99034	713	34.68	3.893995378	5	28.2	39	C	23,95,
99035	710	37.4653	24.36937413	10	13.92	88.039	C	18,20,38,80,84,
99035	711	91.2222	41.8543458	10	44.405	156.062	C	18,20,38,80,84,
99035	712	14.2345	17.71373198	2	1.709	26.76	C	18,80,
99035	713	131.5344	64.64094884	10	61.343	244.101	C	18,20,38,80,84,
99036	710	21.74588889	23.02654433	9	7.01	74.353	B	18,42,81,86,
99036	711	39.56688889	43.8210515	9	13.19	131.962	B	18,42,81,86,
99036	712	1.124125	0.347467942	8	0.92	1.9	B	18,42,81,
99036	713	62.312	67.06898923	9	21.12	207.888	B	18,42,81,86,
99038	710	19.71375758	5.323729486	33	2.996	27.6	B	13,34,91,95,97,
99038	711	17.79339394	5.746320253	33	0.309	29.975	B	13,34,91,95,97,
99038	712	6.05	3.012474066	4	1.1	7.7	B	91,95,
99038	713	38.24048485	11.24816975	33	3.305	59.4	B	13,34,91,95,97,
99038	715	0	0	2	0	0		97
99038	716	0	0	2	0	0		97
99040	710	41.32322581	21.22516886	31	3.31	117.29	B	24,33,39,52,98,
99040	711	55.09032258	19.06442292	31	5.56	110.92	B	24,33,39,52,98,
99040	713	108.0812903	38.19517028	31	10.04	207.04	B	24,33,39,52,98,
99040	714	0	0	4	0	0		24,73
99040	715	0	0	4	0	0		24,73
99040	716	0	0	4	0	0		24,73
99041	710	1.828571429	0.926554586	7	0.2	3.4	B	22,95,
99041	711	2.114285714	1.066528477	7	0.5	4	B	22,95,
99041	712	2.928571429	0.489342193	7	1.9	3.5	B	22,95,
99041	713	6.871428571	2.275737154	7	3.4	10.9	B	22,95,
99042	710	5.79325	6.406664696	8	0	21.1	B	13,23,34,
99042	711	11.14375	11.30598841	8	1.95	38.2	B	13,23,34,
99042	713	25.7192	20.17954938	5	3.332	59.3	C	13,23,
99043	710	2.7514	1.232737981	5	0.7	4.119	C	16,75,
99043	711	5.1	1.802775638	5	2.1	7.1	C	16,75,
99043	713	7.8514	3.035513619	5	2.8	11.219	C	16,75,
99044	710	0		1	0	0	C	56
99044	711	0		1	0	0	C	56
99044	713	0		1	0	0	C	56
99045	710	18.8	1.407213559	6	16.575	21.025	B	13,67,
99045	711	21.683	2.892851604	6	17.109	26.257	B	13,67,
99045	712	7.896	0	3	7.896	7.896	B	67,
99045	713	44.431	3.982572485	6	38.134	50.728	B	13,67,
99047	710	0	0	3	0	0	C	31,51,89,
99047	711	0	0	3	0	0	C	31,51,89,
99047	712	0		1	0	0	C	89
99047	713	0	0	3	0	0	C	31,51,89,
99047	715	0.0001		1	0.0001	0.0001		89
99047	716	0.0001		1	0.0001	0.0001		89
99048	710	0		1	0	0	B	51
99048	711	0		1	0	0	B	51
99048	713	0		1	0	0	B	51
99049	710	0.9	0	3	0.9	0.9	C	95,
99049	711	3.7	3.14E-16	3	3.7	3.7	C	95,
99049	712	3.9	0	3	3.9	3.9	C	95,
99049	713	8.5	0	3	8.5	8.5	C	95,
99052	710	0		1	0	0	B	51
99052	711	0		1	0	0	B	51
99052	713	0		1	0	0	B	51
99053	710	80.03142105	21.27511875	19	16.1	116	B	22,23,74,90,97,
99053	711	101.3950526	21.98466229	19	23.6	131.7	B	22,23,74,90,97,
99053	712	15.43277778	2.988817445	18	4.09	18.4	B	22,23,74,90,
99053	713	196.047	46.54953466	19	43.79	266.1	B	22,23,74,90,97,
99053	715	0		1	0	0		97
99053	716	0		1	0	0		97
99054	710	1.14	0.638122245	5	0.3	2.1	B	22,95,
99054	711	2.6	1.301921657	5	0.3	3.6	B	22,95,
99054	712	2.28	1.057260611	5	0.3	3	B	22,95,
99054	713	6.02	2.694587167	5	0.9	7.7	B	22,95,
99056	710	1.5	0	3	1.5	1.5	C	95,
99056	711	0.8	7.85E-17	3	0.8	0.8	C	95,
99056	712	4.1	0	3	4.1	4.1	C	95,
99056	713	6.4	6.28E-16	3	6.4	6.4	C	95,
99060	710	38.248	18.8076233	11	16.675	91.05	B	13,67,
99060	711	52.80972727	8.35057149	11	40.288	75.948	B	13,67,
99060	712	4.935125	0.49009063	8	4.268	6.047	B	67,
99060	713	94.64690909	25.74643523	11	61.231	166.998	B	13,67,
99063	710	0.14	0	2	0.14	0.14	C	16,
99063	711	0.4	0	2	0.4	0.4	C	16,
99063	713	0.54	0	2	0.54	0.54	C	16,
99064	710	0.21	0.206801032	4	0.02	0.5	C	16,91,
99064	711	0.33	0.315541862	4	0.06	0.8	C	16,91,
99064	712	0.1	0	2	0.1	0.1	C	91
99064	713	0.565	0.562931316	4	0.08	1.4	C	16,91,
99065	710	0.03	0	2	0.03	0.03	C	16,
99065	711	0.31	0	2	0.31	0.31	C	16,
99065	713	0.34	0	2	0.34	0.34	C	16,
99070	710	0		1	0	0	C	89
99070	711	0		1	0	0	C	89
99070	712	0		1	0	0	C	89
99070	713	0		1	0	0	C	89
99070	715	0.0001		1	0.0001	0.0001		89
99070	716	0.0003		1	0.0003	0.0003		89
99072	710	26.71	2.51E-15	3	26.71	26.71	C	13,
99072	711	27.45	0	3	27.45	27.45	C	13,
99072	713	54.16	0	3	54.16	54.16	C	13,
99073	710	0		1	0	0	D	89
99073	711	0.01		1	0.01	0.01	D	89
99073	712	0		1	0	0	D	89
99073	713	0.01		1	0.01	0.01	D	89
99073	715	0.0006		1	0.0006	0.0006		89
99073	716	0.0001		1	0.0001	0.0001		89
99080	710	67.68567406	19.25066525	35	24.8	123.247	B	11,28,42,50,65,67,75,83,86,91,95,
99080	711	89.41876457	26.9571949	35	33.5	150	B	11,28,42,50,65,67,75,83,86,91,95,
99080	712	20.01687959	6.767718911	27	3.9	30.3	B	11,28,42,65,67,83,91,95,
99080	713	172.5477457	50.0096595	35	68.6	295.545	B	11,28,42,50,65,67,75,83,86,91,95,
99081	710	6.4	6.28E-16	3	6.4	6.4	C	95,
99081	711	19.6	0	3	19.6	19.6	C	95,
99081	712	3	0	3	3	3	C	95,
99081	713	29	0	3	29	29	C	95,
99084	710	8		1	8	8	B	66
99084	711	12.75		1	12.75	12.75	B	66
99084	712	1.95		1	1.95	1.95	B	66
99084	713	22.7		1	22.7	22.7	B	66
99085	710	12.8	0	2	12.8	12.8	B	66
99085	711	16.15	0	2	16.15	16.15	B	66
99085	712	2.4	0	2	2.4	2.4	B	66
99085	713	31.35	0	2	31.35	31.35	B	66
99086	710	8.59	0	2	8.59	8.59	C	16,
99086	711	20.65	0	2	20.65	20.65	C	16,
99086	713	29.24	0	2	29.24	29.24	C	16,
99092	710	45.95142857	22.46757431	49	7.45	113.8	B	24,61,62,73,74,96,102,
99092	711	74.32557692	23.55773514	52	13	156.7	B	24,25,61,62,73,74,96,102,
99092	712	9.010833333	3.210698596	36	2.7	20.4	B	73,74,96,
99092	713	130.6518367	41.17143443	49	34.22	253.09	B	24,61,62,73,74,96,102,
99092	714	0	0	13	0	0		24,73
99092	715	0	0	13	0	0		24,73
99092	716	0	0	13	0	0		73
99093	710	78.85968153	19.72155787	314	7.51	144.92	C	9,10,40,41,48,73,74,103,
99093	711	89.31780255	24.67886547	314	10.13	221.85	C	9,10,40,41,48,73,74,103,
99093	712	18.76393258	7.127716162	178	1.25	47.82	C	40,41,48,73,74,103,
99093	713	178.8138854	47.16428654	314	20.02	380.9	C	9,10,40,41,48,73,74,103,
99093	714	0		3	0	0		73
99093	715	0		3	0	0		73
99093	716	0		3	0	0		73
99096	710	17.80909091	2.97732755	11	10.1	23.2	B	22,23,
99096	711	25.15454545	5.310374222	11	10.5	32.5	B	22,23,
99096	712	2.685714286	0.554051251	7	1.6	3.5	B	22
99096	713	44.67272727	8.11530235	11	22.2	55.5	B	22,23,
99097	710	15.58888889	2.156424594	18	13.6	23.8	B	22,23,34,
99097	711	16.01111111	2.351769679	18	13.9	25	B	22,23,34,
99097	712	2.766666667	0.854586134	15	2	5.7	B	22,23,
99097	713	33.90555556	5.375775602	18	29.5	54.5	B	22,23,34,
99100	710	61.69586667	5.836928157	15	53.69	75.348	B	68,73,74,95,
99100	711	60.06866667	12.13316891	15	33.5	91.724	B	68,73,74,95,
99100	712	7.0656	3.604512318	15	3.87	19.688	B	68,73,74,95,
99100	713	128.8301333	18.65975089	15	100.93	186.76	B	68,73,74,95,
99100	714	0		3	0	0		73
99100	715	0		3	0	0		73
99100	716	0		3	0	0		73
99105	710	0.217		1	0.217	0.217	B	68,
99105	711	0.299		1	0.299	0.299	B	68,
99105	712	0.051		1	0.051	0.051	B	68,
99105	713	0.567		1	0.567	0.567	B	68,
99106	710	0.011		1	0.011	0.011	C	58,
99106	711	0.034		1	0.034	0.034	C	58,
99106	713	0.045		1	0.045	0.045	C	58,
99106	716	0.029		1	0.029	0.029		58
99107	710	0.005	0.007071068	2	0	0.01	C	31,58,
99107	711	0.0175	0.024748737	2	0	0.035	C	31,58,
99107	713	0.0225	0.031819805	2	0	0.045	C	31,58,
99107	716	0.032		1	0.032	0.032		58
99111	710	0.4		1	0.4	0.4	C	91
99111	711	0.6		1	0.6	0.6	C	91
99111	712	0		1	0	0	C	91
99111	713	1		1	1	1	C	91
99337	710	0		1	0	0	C	56
99337	711	0		1	0	0	C	56
99337	713	0		1	0	0	C	56
99395	710	0		1	0	0	B	51
99395	711	0		1	0	0	B	51
99395	713	0		1	0	0	B	51
99423	710	0.01		1	0.01	0.01	C	89
99423	711	0.03		1	0.03	0.03	C	89
99423	712	0		1	0	0	C	89
99423	713	0.04		1	0.04	0.04	C	89
99423	715	0.0006		1	0.0006	0.0006		89
99423	716	0.0001		1	0.0001	0.0001		89
99457	714	0		4	0	0	C	73, 76b
99457	715	0		4	0	0	C	73, 76b
99457	716	0		4	0	0	C	73, 76b
99468	710	0.5	0	2	0.5	0.5	C	91
99468	711	0.5	0	2	0.5	0.5	C	91
99468	712	0.05	0.070710678	2	0	0.1	C	91
99468	713	1.05	0.070710678	2	1	1.1	C	91
99469	710	0	0	3	0	0	B	50
99469	711	0	0	3	0	0	B	50
99469	713	0	0	3	0	0	B	50
99470	710	0		1	0	0	B	50
99470	711	0		1	0	0	B	50
99470	713	0		1	0	0	B	50
99471	710	1.8		1	1.8	1.8	C	22
99471	711	4.4		1	4.4	4.4	C	22
99471	712	1.7		1	1.7	1.7	C	22
99471	713	7.9		1	7.9	7.9	C	22
99472	710	5.75	5.727564928	2	1.7	9.8	C	22
99472	711	8.7	8.909545443	2	2.4	15	C	22
99472	712	3.5	2.545584412	2	1.7	5.3	C	22
99472	713	17.95	17.18269478	2	5.8	30.1	C	22
99474	710	0.155	0.190918831	2	0.02	0.29	C	31,89,
99474	711	0.31	0.410121933	2	0.02	0.6	C	31,89,
99474	712	0		1	0	0	C	89
99474	713	0.47	0.593969696	2	0.05	0.89	C	31,89,
99474	714	0		1	0	0		31
99474	715	0.94595	0.773786951	2	0.3988	1.4931		31,89
99474	716	0.0019	0.002687006	2	0	0.0038		31,89
99475	710	0	0	2	0	0	C	91
99475	711	0	0	2	0	0	C	91
99475	712	0	0	2	0	0	C	91
99475	713	0	0	2	0	0	C	91
99476	710	0.45	0.070710678	2	0.4	0.5	C	91
99476	711	0.35	0.070710678	2	0.3	0.4	C	91
99476	712	0.05	0.070710678	2	0	0.1	C	91
99476	713	0.9	0.141421356	2	0.8	1	C	91
99477	710	0		1	0	0	B	49
99477	711	0		1	0	0	B	49
99477	713	0		1	0	0	B	49
99478	710	0		1	0	0	B	49
99478	711	0.01		1	0.01	0.01	B	49
99478	713	0.01		1	0.01	0.01	B	49
99479	710	0.01		1	0.01	0.01	B	49
99479	711	0.02		1	0.02	0.02	B	49
99479	713	0.03		1	0.03	0.03	B	49
99480	710	0		1	0	0	B	49
99480	711	0		1	0	0	B	49
99480	713	0		1	0	0	B	49
99481	710	0		1	0	0	B	49
99481	711	0		1	0	0	B	49
99481	713	0		1	0	0	B	49
99482	710	0		1	0	0	B	49
99482	711	0		1	0	0	B	49
99482	713	0		1	0	0	B	49
99483	710	0.01		1	0.01	0.01	B	49
99483	711	0.01		1	0.01	0.01	B	49
99483	713	0.02		1	0.02	0.02	B	49
99484	710	0		1	0	0	B	49
99484	711	0		1	0	0	B	49
99484	713	0		1	0	0	B	49
99485	710	1.4	1.34412301	4	0.2	2.8	C	91
99485	711	2.575	2.527680096	4	0.4	5.1	C	91
99485	712	0.275	0.320156212	4	0	0.6	C	91
99485	713	4.325	4.157222631	4	0.7	8.5	C	91
99486	710	0.287276	0.251575553	9	0.01	0.8	C	2,82,
99486	711	0.297916667	0.169973701	9	0.0375	0.6	C	2,82,
99486	712	0.003333333	0.005773503	3	0	0.01	C	2
99486	713	0.586303778	0.415909221	9	0.089712	1.4	C	2,82,
99486	714	0	0	3	0	0		2
99486	715	0	0	3	0	0		2
99486	716	0.013333333	0.015275252	3	0	0.03		2
99488	710	53.37545455	13.88764588	22	24.4	96	B	9,73,74,104
99488	711	57.98318182	5.600509202	22	43.35	72.3	B	9,73,74,104
99488	712	11.70538462	2.346452566	13	5.56	15.08	B	73,74,104
99488	713	118.2754545	21.20100773	22	77.67	182.8	B	9,73,74,104
99488	714	0		3	0	0		73
99488	715	0		3	0	0		73
99488	716	0		3	0	0		73
99489	710	0		1	0	0	B	50
99489	711	0.01		1	0.01	0.01	B	50
99489	713	0.01		1	0.01	0.01	B	50
99490	710	0		1	0	0	B	50
99490	711	0		1	0	0	B	50
99490	713	0		1	0	0	B	50
99491	710	0.425	0.287228132	4	0	0.6	C	91
99491	711	0.375	0.262995564	4	0	0.6	C	91
99491	712	0.075	0.05	4	0	0.1	C	91
99491	713	0.825	0.556027577	4	0	1.2	C	91
99492	710	0.054	0.067985293	5	0	0.17	B	50,73,
99492	711	0.07	0.090829511	5	0	0.23	B	50,73,
99492	712	0	0	3	0	0	C	73
99492	713	0.122	0.155170874	5	0	0.39	B	50,73,
99492	714	0		3	0	0		73
99492	715	0		3	0	0		73
99492	716	0		3	0	0		73
99493	710	0.04		1	0.04	0.04	B	50
99493	711	0.05		1	0.05	0.05	B	50
99493	713	0.09		1	0.09	0.09	B	50
99494	710	0.78	0.494974747	2	0.43	1.13	C	31,89,
99494	711	0.725	0.403050865	2	0.44	1.01	C	31,89,
99494	712	0.03		1	0.03	0.03	C	89
99494	713	1.515	0.06363961	2	1.47	1.56	C	31,89,
99494	714	0		1	0	0		31
99494	715	0.01645	0.023122392	2	0.0001	0.0328		31,89
99494	716	0.036	0.050911688	2	0	0.072		31,89
99495	710	9.148	2.321665422	25	2.94	16.6	B	34,36,79,
99495	711	8.418	1.504200341	25	4.95	13.6	B	34,36,79,
99495	712	0.917692308	0.224025063	13	0.21	1.23	B	36,79,
99495	713	18.0432	3.469283954	25	8.1	26.9	B	34,36,79,
99496	710	0	0	15	0	0	A	34
99496	711	0	0	15	0	0	A	34
99496	713	0	0	15	0	0	A	34
99497	710	7.499166667	2.766292098	12	3.45	11.5	C	92104
99497	711	5.464166667	2.31859071	12	1.69	9.81	C	92104
99497	712	0.784166667	0.456577352	12	0.23	1.96	C	92104
99497	713	13.74833333	4.858620892	12	6.34	22.32	C	92104
99498	710	6.6	6.28E-16	3	6.6	6.6	B	34
99498	711	3.1	0	3	3.1	3.1	B	34
99498	713	9.7	0	3	9.7	9.7	B	34
99499	710	5.5	0	3	5.5	5.5	B	34
99499	711	1	0	3	1	1	B	34
99499	713	6.5	0	3	6.5	6.5	B	34
99500	710	32.9	0	3	32.9	32.9	B	34
99500	711	39.9	0	3	39.9	39.9	B	34
99500	713	72.8	0	3	72.8	72.8	B	34
99501	710	0		1	0	0	C	91
99501	711	0		1	0	0	C	91
99501	712	0		1	0	0	C	91
99501	713	0		1	0	0	C	91
99502	710	0		1	0	0	D	89
99502	711	0		1	0	0	D	89
99502	712	0		1	0	0	D	89
99502	713	0		1	0	0	D	89
99502	715	0.0001		1	0.0001	0.0001		89
99502	716	0		1	0	0		89
99503	710	5.96	5.176021638	2	2.3	9.62	C	31,89,
99503	711	4.035	2.184959954	2	2.49	5.58	C	31,89,
99503	712	0.53		1	0.53	0.53	C	89
99503	713	10.255	6.97914393	2	5.32	15.19	C	31,89,
99503	714	0		1	0	0		31
99503	715	0.00085	0.001202082	2	0	0.0017		31,89
99503	716	0.15265	0.215031172	2	0.0006	0.3047		31,89
99504	710	3.5	0.98488578	3	2.7	4.6	C	99
99504	711	5.633333333	1.450287328	3	4.2	7.1	C	99
99504	712	0	0	3	0	0	C	99
99504	713	9.133333333	2.417298768	3	6.9	11.7	C	99
99505	710	0		1	0	0	B	51
99505	711	0		1	0	0	B	51
99505	713	0		1	0	0	B	51
99506	710	0.6		1	0.6	0.6	C	91
99506	711	1		1	1	1	C	91
99506	712	0.1		1	0.1	0.1	C	91
99506	713	1.7		1	1.7	1.7	C	91
99507	710	0		1	0	0	C	91
99507	711	0.1		1	0.1	0.1	C	91
99507	712	0		1	0	0	C	91
99507	713	0.1		1	0.1	0.1	C	91
99508	710	0.226666667	0.253245599	3	0	0.5	C	31,91,
99508	711	0.21	0.200748599	3	0	0.4	C	31,91,
99508	712	0	0	2	0	0	C	91
99508	713	0.47	0.403360881	3	0.1	0.9	C	31,91,
99508	714	0		1	0	0		31
99508	715	0		1	0	0		31
99508	716	0		1	0	0		31
99509	710	1.3		1	1.3	1.3	D	31
99509	711	3.22		1	3.22	3.22	D	31
99509	713	4.52		1	4.52	4.52	D	31
99509	714	0.05		1	0.05	0.05		31
99509	715	0		1	0	0		31
99509	716	0.2425		1	0.2425	0.2425		31
99510	710	13.772	12.39495543	5	3.36	30.9	B	22,89,99,
99510	711	16.594	9.833116495	5	6.57	29.8	B	22,89,99,
99510	712	2.8	4.115215669	5	0	9.4	B	22,89,99,
99510	713	33.166	26.16359647	5	10.23	70.1	B	22,89,99,
99510	715	0.0015		1	0.0015	0.0015		89
99510	716	0.0005		1	0.0005	0.0005		89
99511	710	5.4	0	5	5.4	5.4	C	64,
99511	711	10.3	0	5	10.3	10.3	C	64,
99511	713	15.7	0	5	15.7	15.7	C	64,
99511	714	0		5	0	0		64
99512	710	0		1	0	0	D	89
99512	711	0		1	0	0	D	89
99512	712	0		1	0	0	D	89
99512	713	0		1	0	0	D	89
99512	715	0.0002		1	0.0002	0.0002		89
99512	716	0.0001		1	0.0001	0.0001		89
99513	710	0		1	0	0	B	51
99513	711	0		1	0	0	B	51
99513	713	0		1	0	0	B	51
99514	710	0		1	0	0	D	89
99514	711	0		1	0	0	D	89
99514	712	0		1	0	0	D	89
99514	713	0		1	0	0	D	89
99514	715	0		1	0	0		89
99514	716	0		1	0	0		89
99515	710	0.736666667	0.228108161	3	0.6	1	C	31,91,
99515	711	0.676666667	0.240069434	3	0.4	0.83	C	31,91,
99515	712	0.1	0	2	0.1	0.1	C	91
99515	713	1.48	0.401497198	3	1.1	1.9	C	31,91,
99515	714	0		1	0	0		31
99515	715	0		1	0	0		31
99515	716	0.0888		1	0.0888	0.0888		31
99516	710	0.16		1	0.16	0.16	D	31
99516	711	0.14		1	0.14	0.14	D	31
99516	713	0.3		1	0.3	0.3	D	31
99516	714	0		1	0	0		31
99516	715	0		1	0	0		31
99516	716	0.05		1	0.05	0.05		31
99517	710	0.285	0.120208153	2	0.2	0.37	C	49,99
99517	711	0.28	0.254558441	2	0.1	0.46	C	49,99
99517	712	0		1	0	0	C	99
99517	713	0.565	0.374766594	2	0.3	0.83	C	49,99
99518	710	0.09		1	0.09	0.09	D	89
99518	711	0.21		1	0.21	0.21	D	89
99518	712	0		1	0	0	D	89
99518	713	0.3		1	0.3	0.3	D	89
99518	715	0.0017		1	0.0017	0.0017		89
99518	716	0.0006		1	0.0006	0.0006		89
99519	710	0		1	0	0	D	89
99519	711	0		1	0	0	D	89
99519	712	0		1	0	0	D	89
99519	713	0		1	0	0	D	89
99519	715	0.0001		1	0.0001	0.0001		89
99519	716	0		1	0	0		89
99520	710	26.15	0.63900965	4	25.8	27.2	B	42
99520	711	25.15	12.8714801	4	18.1	46.3	B	42
99520	712	6.1		1	6.1	6.1	B	42
99520	713	52.825	16.29474609	4	43.9	79.6	B	42
99521	710	0		1	0	0	D	89
99521	711	0.01		1	0.01	0.01	D	89
99521	712	0		1	0	0	D	89
99521	713	0.01		1	0.01	0.01	D	89
99521	715	0.0003		1	0.0003	0.0003		89
99521	716	0		1	0	0		89
99522	710	0		1	0	0	B	49
99522	711	0		1	0	0	B	49
99522	713	0		1	0	0	B	49
99523	710	0.3		1	0.3	0.3	B	49
99523	711	0.23		1	0.23	0.23	B	49
99523	713	0.52		1	0.52	0.52	B	49
99524	710	0.11		1	0.11	0.11	B	49
99524	711	0.22		1	0.22	0.22	B	49
99524	713	0.34		1	0.34	0.34	B	49
99526	710	0		1	0	0	B	51
99526	711	0		1	0	0	B	51
99526	713	0		1	0	0	B	51
99527	710	0		1	0	0	B	51
99527	711	0		1	0	0	B	51
99527	713	0		1	0	0	B	51
99528	710	4.9		1	4.9	4.9	C	91
99528	711	5.9		1	5.9	5.9	C	91
99528	712	0.7		1	0.7	0.7	C	91
99528	713	11.5		1	11.5	11.5	C	91
99529	710	10.26285714	2.478944805	7	5.36	12.4	B	22,30,89
99529	711	10.82857143	3.982181315	7	5.36	17.05	B	22,30,89
99529	712	1.346	0.317479133	5	0.73	1.5	C	22,89
99529	713	22.05285714	6.355628792	7	11.15	27.12	B	22,30,89
99529	715	0.0009		1	0.0009	0.0009		89
99529	716	0.0007		1	0.0007	0.0007		89
99531	710	0.0075	0.009574271	4	0	0.02	B	49
99531	711	0.01	0.014142136	4	0	0.03	B	49
99531	713	0.0175	0.023629078	4	0	0.05	B	49
99532	710	0.02	0.028284271	2	0	0.04	B	49
99532	711	0.04	0.056568542	2	0	0.08	B	49
99532	713	0.055	0.077781746	2	0	0.11	B	49
99533	710	0.06		1	0.06	0.06	D	31
99533	711	0.14		1	0.14	0.14	D	31
99533	713	0.21		1	0.21	0.21	D	31
99533	714	0.05		1	0.05	0.05		31
99533	715	0.05		1	0.05	0.05		31
99533	716	0.05		1	0.05	0.05		31
99534	710	4.866666667	2.510644008	3	2.1	7	B	42
99534	711	9.133333333	3.089228598	3	5.8	11.9	B	42
99534	712	0.666666667	0.702376917	3	0	1.4	B	42
99534	713	14.66666667	5.46290521	3	8.5	18.9	B	42
99535	710	7.8		1	7.8	7.8	C	22
99535	711	8.8		1	8.8	8.8	C	22
99535	712	2.1		1	2.1	2.1	C	22
99535	713	18.7		1	18.7	18.7	C	22
99536	710	0		1	0	0	C	99
99536	711	0		1	0	0	C	99
99536	712	0		1	0	0	C	99
99536	713	0		1	0	0	C	99
99538	710	13.3		1	13.3	13.3	C	91
99538	711	13		1	13	13	C	91
99538	712	0.6		1	0.6	0.6	C	91
99538	713	26.9		1	26.9	26.9	C	91
99539	710	8.1		1	8.1	8.1	C	91
99539	711	8.4		1	8.4	8.4	C	91
99539	712	1.2		1	1.2	1.2	C	91
99539	713	17.7		1	17.7	17.7	C	91
99540	710	7.28	0	4	7.28	7.28	C	79
99540	711	8.22	0	4	8.22	8.22	C	79
99540	712	1.28	0	4	1.28	1.28	C	79
99540	713	16.79	0	4	16.79	16.79	C	79
99541	710	7.5	0	3	7.5	7.5	B	34
99541	711	5.6	6.28E-16	3	5.6	5.6	B	34
99541	713	13.1	0	3	13.1	13.1	B	34
99542	710	0		1	0	0	B	49
99542	711	0		1	0	0	B	49
99542	713	0		1	0	0	B	49
99543	710	0.1	0	2	0.1	0.1	C	91
99543	711	0.1	0	2	0.1	0.1	C	91
99543	712	0	0	2	0	0	C	91
99543	713	0.2	0	2	0.2	0.2	C	91
99544	710	0.15	0.070710678	2	0.1	0.2	C	91
99544	711	0.25	0.070710678	2	0.2	0.3	C	91
99544	712	0	0	2	0	0	C	91
99544	713	0.45	0.070710678	2	0.4	0.5	C	91
99545	710	0		1	0	0	C	91
99545	711	0		1	0	0	C	91
99545	712	0		1	0	0	C	91
99545	713	0		1	0	0	C	91
99546	710	0		1	0	0	C	91
99546	711	0		1	0	0	C	91
99546	712	0		1	0	0	C	91
99546	713	0		1	0	0	C	91
99547	710	1.4		1	1.4	1.4	C	91
99547	711	1.1		1	1.1	1.1	C	91
99547	712	0.2		1	0.2	0.2	C	91
99547	713	2.7		1	2.7	2.7	C	91
99548	710	0		1	0	0	C	91
99548	711	0		1	0	0	C	91
99548	712	0		1	0	0	C	91
99548	713	0.1		1	0.1	0.1	C	91
99549	710	0.04		1	0.04	0.04	D	31
99549	711	0		1	0	0	D	31
99549	713	0.04		1	0.04	0.04	D	31
99549	714	0		1	0	0		31
99549	715	0		1	0	0		31
99549	716	0		1	0	0		31
99550	710	0.61		1	0.61	0.61	B	49
99550	711	0.58		1	0.58	0.58	B	49
99550	713	1.19		1	1.19	1.19	B	49
99551	710	0.01	0	2	0.01	0.01	B	49
99551	711	0.015	0.007071068	2	0.01	0.02	B	49
99551	713	0.02	0	2	0.02	0.02	B	49
99553	710	0.016666667	0.011547005	3	0.01	0.03	B	49
99553	711	0.01	0.01	3	0	0.02	B	49
99553	713	0.026666667	0.015275252	3	0.01	0.04	B	49
99554	710	0.15	0.070710678	2	0.1	0.2	C	91
99554	711	0.2	0.141421356	2	0.1	0.3	C	91
99554	712	0	0	2	0	0	C	91
99554	713	0.35	0.212132034	2	0.2	0.5	C	91
99555	710	2.6		1	2.6	2.6	C	91
99555	711	13.1		1	13.1	13.1	C	91
99555	712	0.2		1	0.2	0.2	C	91
99555	713	15.9		1	15.9	15.9	C	91
99556	710	0		1	0	0	C	91
99556	711	0		1	0	0	C	91
99556	712	0		1	0	0	C	91
99556	713	0		1	0	0	C	91
99557	710	3		1	3	3	C	91
99557	711	2.7		1	2.7	2.7	C	91
99557	712	0.3		1	0.3	0.3	C	91
99557	713	6		1	6	6	C	91
99559	710	2.8	3.14E-16	3	2.8	2.8	B	34
99559	711	3.1	0	3	3.1	3.1	B	34
99559	713	5.9	6.28E-16	3	5.9	5.9	B	34
99559	716	0		3	0	0		34
99560	710	27.975	18.18969488	8	8.7	64.1	B	22
99560	711	42.9125	25.44082419	8	14.2	84.5	B	22
99560	712	10.7625	3.653545245	8	4.7	14.9	B	22
99560	713	81.65	46.03954822	8	27.6	163.5	B	22
99561	710	0		1	0	0	B	49
99561	711	0		1	0	0	B	49
99561	713	0		1	0	0	B	49
99562	710	0		1	0	0	B	49
99562	711	0		1	0	0	B	49
99562	713	0		1	0	0	B	49
99563	710	1.1		1	1.1	1.1	C	91
99563	711	1.7		1	1.7	1.7	C	91
99563	712	0.1		1	0.1	0.1	C	91
99563	713	2.9		1	2.9	2.9	C	91
99564	710	7		1	7	7	C	91
99564	711	6.2		1	6.2	6.2	C	91
99564	712	0.9		1	0.9	0.9	C	91
99564	713	14		1	14	14	C	91
99565	710	11.8		1	11.8	11.8	C	91
99565	711	13.6		1	13.6	13.6	C	91
99565	712	1.2		1	1.2	1.2	C	91
99565	713	26.6		1	26.6	26.6	C	91
99566	710	0		1	0	0	B	49
99566	711	0		1	0	0	B	49
99566	713	0.01		1	0.01	0.01	B	49
99567	710	0		1	0	0	B	49
99567	711	0		1	0	0	B	49
99567	713	0		1	0	0	B	49
99568	710	40.85	1.423024947	6	38.6	43.1	B	34
99568	711	42.45	0.537587202	6	41.6	43.3	B	34
99568	713	83.3	0.885437745	6	81.9	84.7	B	34
99569	710	0.23		1	0.23	0.23	D	31
99569	711	0.24		1	0.24	0.24	D	31
99569	713	0.47		1	0.47	0.47	D	31
99571	710	11	0	13	11	11	B	46
99571	711	10	0	13	10	10	B	46
99571	713	21	0	13	21	21	B	46
99571	714	833		9	833	833		77
99571	715	1322		9	1322	1322		77
99572	710	4.835809141	1.70740498	156	0.5	12.6	B	3,7,9,11,13,17,22,23,31,34,38,42,45,54,55,61,63,66,74,79,81,89,90,94,97,99
99572	711	6.069876543	2.192591751	162	0.4	16.8	B	3,7,9,11,13,17,22,23,25,31,34,38,42,45,54,55,61,63,66,74,79,81,89,90,94,97,99
99572	712	0.931047726	0.466988322	73	0	3.57	B	3,7,11,22,42,66,74,79,81,89,90,94,99
99572	713	10.73110711	3.985213531	156	1.1	31.03	B	3,7,9,11,13,17,22,23,31,34,38,42,45,54,55,61,63,66,74,79,81,89,90,94,97,99
99573	710	0.75	0	3	0.75	0.75	B	66
99573	711	2.7	3.14E-16	3	2.7	2.7	B	66
99573	712	0.3	0	3	0.3	0.3	B	66
99573	713	3.75	0	3	3.75	3.75	B	66
99574	710	39.87684211	16.98083973	57	7.3	112	B	34,42,73
99574	711	65.64421053	19.35287745	57	26.4	175	B	34,42,73
99574	712	17.12294118	4.102699484	51	7.29	42.4	B	42,73
99574	713	120.8415789	34.11949622	57	50.8	305.8	B	34,42,73
99575	710	45.44187	10.54332133	44	2.64	69.69	B	2,44,45,50,64,78,99
99575	711	39.77596591	14.46263775	44	9.7	109.8625	B	2,44,45,50,64,78,99
99575	712	22.3725	8.19165349	32	0	50.58	A	2,44,99
99575	713	103.5619716	18.70882314	43	45.38	161.22478	A	2,44,45,50,64,99
99576	710	61.32662045	21.48169421	399	9.883	191.43	B	4,6,8,11,15,18,21,22,24,26,31,32,47,53,57,60,73,74,88,94,95,96,97,98,100
99576	711	86.32604135	20.30236209	399	19.79	180.19	B	4,6,8,11,15,18,21,22,24,26,31,32,47,53,57,60,73,74,88,94,95,96,97,98,100
99576	712	13.33328084	8.892325115	381	1.16	121.69	B	4,6,11,15,18,22,26,32,47,53,60,73,74,94,95,96,98,100
99576	713	159.9757696	43.57941263	399	18.08	388.08	B	4,6,8,11,15,18,21,22,24,26,31,32,47,53,57,60,73,74,88,94,95,96,97,98,100
99576	714	0		3	0	0	B	24
99576	715	0	0	5	0	0	B	24,97
99576	716	0	0	5	0	0	B	24,97
16144	710	0		1			C	76b
16144	711	0		1			C	76b
16144	712	0		1			C	76b
1124	710	0		1			C	76a
1124	711	0		1			C	76a
1124	712	0		1			C	76a
1125	710	0.02		1			C	76a
1125	711	0.01		1			C	76a
1125	712	0		1			C	76a
1123	712	0		1			C	76a